t d dw dc
0 0 0.001012318067 5.223110079e-16
0.0005 0.008095127387 0.006108293555 0.008060352041
0.001 0.01616105169 0.01226879241 0.01609249235
0.0015 0.02416873211 0.01839235509 0.02406833805
0.002 0.03208944918 0.02445871123 0.03196006212
0.0025 0.03989495756 0.03044771181 0.0397402167
0.003 0.04755762969 0.03633938953 0.04738185103
0.0035 0.05505058776 0.04211401843 0.05485862242
0.004 0.06234782201 0.04775217513 0.06214489888
0.0045 0.06942429367 0.05323479801 0.06921585225
0.005 0.07625602151 0.05854324728 0.07604754087
0.0055 0.08282015147 0.06365936287 0.08261698123
0.006 0.08909500927 0.06856552119 0.08890220813
0.0065 0.09506013658 0.0732446905 0.0948823234
0.007 0.1006963116 0.0776804831 0.1005375332
0.0075 0.105985555 0.08185720679 0.1058491745
0.008 0.1109111241 0.08575991176 0.1107997316
0.0085 0.1154574946 0.08937443651 0.1153728432
0.009 0.1196103347 0.09268744973 0.1195533016
0.0095 0.1233564723 0.09568648931 0.1233270455
0.01 0.1266838562 0.09835999864 0.1266811469
0.0105 0.1295815166 0.1006973594 0.1296037946
0.011 0.1320395234 0.1026889209 0.1320842759
0.0115 0.1340489468 0.1043260268 0.134112957
0.012 0.1356018206 0.1056010385 0.1356812647
0.0125 0.1366911105 0.1065073542 0.1367816705
0.013 0.1373106886 0.1070394272 0.1374076784
0.0135 0.1374553155 0.107192778 0.1375538174
0.014 0.1371206311 0.1069640064 0.1372156403
0.0145 0.1363031547 0.106350798 0.1363897282
0.015 0.1350002958 0.1053519297 0.1350737041
0.0155 0.1332103754 0.1039672713 0.1332662516
0.016 0.1309326578 0.09520403233 0.1309671434
0.0165 0.128167394 0.09865290167 0.1281772756
0.017 0.1249158754 0.09602321239 0.1248987096
0.0175 0.121180497 0.09301534142 0.1211347198
0.018 0.1169648304 0.08963460851 0.116889846
0.0185 0.112273704 0.08588743539 0.1121699495
0.019 0.1071132893 0.08178133527 0.1069822721
0.0195 0.1014911917 0.07732489947 0.1013354937
0.02 0.09541654282 0.07252778149 0.09523979026
0.0205 0.08890009127 0.06740067826 0.08870688652
0.021 0.08195429028 0.06195530892 0.08175010408
0.0215 0.07459337707 0.05620439085 0.07438440097
0.022 0.06683344147 0.05016161325 0.06662640151
0.0225 0.05869247973 0.04384160825 0.05849441403
0.023 0.05019042991 0.03725991954 0.05000843475
0.0235 0.04134918531 0.03043296871 0.04119013609
0.024 0.03219258269 0.02337801928 0.03206283809
0.0245 0.02274636272 0.01611313858 0.0226514618
0.025 0.01303810051 0.008657157431 0.01298246399
0.0255 0.003097105052 0.001029627941 0.003083752932
0.026 -0.007045712501 -0.00674922074 -0.007015414603
0.0265 -0.01735800096 -0.01465852842 -0.0172845545
0.027 -0.02780615947 -0.02267685159 -0.02769209348
0.0275 -0.03835555304 -0.03078221281 -0.03820552275
0.028 -0.04897074888 -0.03895215148 -0.04879156511
0.0285 -0.0596157684 -0.04716377614 -0.05941635313
0.029 -0.07025434905 -0.05539381789 -0.0700456156
0.0295 -0.08085020942 -0.06361868503 -0.08064486927
0.03 -0.0913673112 -0.07181451869 -0.09117961256
0.0305 -0.1017701114 -0.07995724933 -0.1016155179
0.031 -0.1120237985 -0.08802265403 -0.1119186192
0.0315 -0.1220945076 -0.09598641435 -0.1220554914
0.032 -0.1319495095 -0.1038241747 -0.1319934181
0.0325 -0.1415573698 -0.111511601 -0.1417005451
0.033 -0.1508880763 -0.1190244399 -0.151146017
0.0335 -0.159913133 -0.1263385772 -0.1603000938
0.034 -0.1686056202 -0.1334300975 -0.1691342467
0.0345 -0.1769402213 -0.1402753424 -0.1776212308
0.035 -0.1848932192 -0.1468509691 -0.1857351347
0.0355 -0.1924424634 -0.1531340084 -0.1934514058
0.036 -0.1995673105 -0.1591019219 -0.2007468524
0.0365 -0.2062485435 -0.1647326586 -0.2075996225
0.037 -0.2124682712 -0.1700047105 -0.2139891619
0.0375 -0.218209813 -0.1748971675 -0.2198961516
0.038 -0.2234575712 -0.1793897706 -0.2253024285
0.0385 -0.2281968967 -0.1834629645 -0.2301908914
0.039 -0.2324139486 -0.1870979479 -0.2345453945
0.0395 -0.2360955532 -0.1902767235 -0.2383506332
0.04 -0.2392290637 -0.1929821452 -0.2415920244
0.0405 -0.2418022241 -0.1951979641 -0.2442555854
0.041 -0.2438030397 -0.1969088728 -0.2463278158
0.0415 -0.2452196555 -0.1981005472 -0.2477955849
0.042 -0.2460402461 -0.1987596866 -0.2486460294
0.0425 -0.2462529178 -0.1988740514 -0.248866465
0.043 -0.2458456264 -0.1984324991 -0.2484443146
0.0435 -0.2448061116 -0.1974250168 -0.2473670577
0.044 -0.2431218508 -0.1958427524 -0.2456222035
0.0445 -0.2407800358 -0.1936780428 -0.2431972906
0.045 -0.2377675732 -0.1909244393 -0.2400799152
0.0455 -0.234071114 -0.1875767307 -0.236257792
0.046 -0.2296771136 -0.1836309634 -0.2317188466
0.0465 -0.2245719278 -0.1790844591 -0.2264513424
0.047 -0.2187419472 -0.1739358289 -0.2204440425
0.0475 -0.2121737755 -0.1681849857 -0.2136864051
0.048 -0.2048544547 -0.1618331524 -0.2061688132
0.0485 -0.1967717422 -0.1548828682 -0.1978828357
0.049 -0.1879144417 -0.1473379913 -0.1888215177
0.0495 -0.178272792 -0.139203699 -0.1789796971
0.05 -0.1678389123 -0.1304864845 -0.168354342
0.0505 -0.1566073057 -0.121194151 -0.156944905
0.051 -0.1445754126 -0.1113358023 -0.1447536864
0.0515 -0.1317442106 -0.1009218313 -0.1317862003
0.052 -0.1181188447 -0.08996390499 -0.1180515356
0.0525 -0.1037092736 -0.07847494596 -0.103562702
0.053 -0.08853090688 -0.06646911223 -0.08833695226
0.0535 -0.07260520718 -0.05396177327 -0.07239607093
0.054 -0.05596022232 -0.04096948358 -0.05576661952
0.0545 -0.03863101193 -0.02750995336 -0.03848012766
0.055 -0.02065992932 -0.01360201658 -0.02057322133
0.0555 -0.002096721173 0.0007344037035 -0.002087678885
0.056 0.01700158805 0.01547833255 0.01692959268
0.0565 0.03657105215 0.03060778287 0.03642666771
0.057 0.05654141267 0.04609979762 0.05634680283
0.0575 0.07683695992 0.06193049424 0.07662873142
0.058 0.09737762663 0.07807511145 0.09720705199
0.0585 0.118080278 0.0945080581 0.1180127086
0.059 0.1388601462 0.1112029642 0.1389735581
0.0595 0.1596323453 0.1281327336 0.1600150179
0.06 0.1803133958 0.1452695989 0.1810607834
0.0605 0.200822687 0.1625851779 0.2020336035
0.061 0.2210838099 0.1800505314 0.2228561003
0.0615 0.2410257068 0.1976362227 0.243451616
0.062 0.2605835955 0.2153123785 0.2637450705
0.0625 0.2796996441 0.233048751 0.2836638122
0.063 0.2983233926 0.2508147806 0.3031384425
0.0635 0.3164119267 0.2685796605 0.3221035972
0.064 0.3339298299 0.2863124009 0.3404986679
0.0645 0.3508489418 0.3039818948 0.3582684471
0.065 0.3671479618 0.3215569838 0.3753636858
0.0655 0.3828119351 0.3390065247 0.3917415498
0.066 0.3978316593 0.3562994558 0.407365969
0.0665 0.4122030446 0.3734048633 0.4222078731
0.067 0.4259264583 0.3902920483 0.4362453116
0.0675 0.4390060765 0.406930593 0.4494634596
0.068 0.4514492619 0.4232904263 0.4618545116
0.0685 0.4632659808 0.4393418894 0.4734174707
0.069 0.4744682681 0.4550558009 0.4841578415
0.0695 0.4850697453 0.47040352 0.4940872362
0.07 0.4950851923 0.4853570102 0.5032229071
0.0705 0.5045301741 0.4998889006 0.5115872171
0.071 0.5134207174 0.513972547 0.5192070626
0.0715 0.5217730369 0.5275820908 0.5261132608
0.072 0.5296033036 0.540692517 0.5323399164
0.0725 0.5369274539 0.5532797102 0.5379237791
0.073 0.5437610319 0.5653205088 0.5429036025
0.0735 0.5501190627 0.576792758 0.5473195166
0.074 0.5560159516 0.5876753594 0.5512124213
0.0745 0.5614654049 0.59794832 0.5546234086
0.075 0.5664803696 0.6075927979 0.5575932195
0.0755 0.5710729885 0.6165911462 0.5601617402
0.076 0.5752545679 0.6249269541 0.5623675395
0.0765 0.5790355555 0.6325850857 0.5642474515
0.077 0.5824255265 0.6395517159 0.5658362006
0.0775 0.5854331765 0.645814364 0.5671660723
0.078 0.5880663193 0.6513619241 0.5682666256
0.0785 0.590331888 0.6561846924 0.5691644472
0.079 0.5922359396 0.6602743926 0.5698829445
0.0795 0.5937836611 0.6636241971 0.5704421755
0.08 0.5949793772 0.6662287454 0.5708587133
0.0805 0.5958265584 0.6680841601 0.5711455425
0.081 0.59632783 0.6691880591 0.5713119868
0.0815 0.5964849812 0.6695395645 0.5713636644
0.082 0.5962989741 0.6691393086 0.5713024717
0.0825 0.5957699526 0.6679894367 0.5711265936
0.083 0.5948972523 0.6660936065 0.5708305411
0.0835 0.5936794096 0.6634569842 0.5704052145
0.084 0.5921141717 0.6600862372 0.5698379963
0.0845 0.5901985081 0.6559895241 0.5691128716
0.085 0.5879286226 0.651176481 0.5682105796
0.0855 0.585299968 0.6456582042 0.5671087975
0.086 0.5823072633 0.6394472311 0.5657823582
0.0865 0.5789445139 0.632557516 0.5642035042
0.087 0.5752050375 0.6250044047 0.5623421791
0.0875 0.571081495 0.6168046046 0.5601663582
0.088 0.566565928 0.6079761526 0.5576424183
0.0885 0.5616498066 0.5985383796 0.5547355473
0.089 0.5563240854 0.5885118727 0.5514101929
0.0895 0.5505792735 0.577918434 0.5476305474
0.09 0.5444055178 0.5667810368 0.5433610663
0.0905 0.5377927037 0.5551237798 0.5385670162
0.091 0.5307305745 0.5429718376 0.5332150456
0.0915 0.5232088723 0.5303514102 0.527273772
0.092 0.5152175042 0.5172896689 0.5207143764
0.0925 0.506746734 0.5038147005 0.5135111952
0.093 0.4977874045 0.4899554501 0.5056423001
0.0935 0.4883311898 0.4757416604 0.4970900526
0.094 0.4783708816 0.4612038105 0.4878416218
0.0945 0.4679007072 0.4463730524 0.4778894541
0.095 0.4569166815 0.4312811461 0.4672316819
0.0955 0.445416989 0.4159603928 0.4558724594
0.096 0.4334023926 0.4004435677 0.4438222176
0.0965 0.4208766628 0.3847638506 0.4310978275
0.097 0.4078470193 0.3689547562 0.4177226657
0.0975 0.3943245724 0.3530500634 0.4037265782
0.098 0.3803247508 0.3370837437 0.3891457401
0.0985 0.3658676991 0.3210898889 0.3740224114
0.099 0.3509786239 0.3051026391 0.3584045933
0.0995 0.3356880697 0.2891561096 0.3423455904
0.1 0.3200321013 0.2732843182 0.3259034884
0.1005 0.3040523729 0.2575211126 0.3091405569
0.101 0.2877960648 0.2419000977 0.2921225919
0.1015 0.2713156748 0.2264545633 0.2749182128
0.102 0.254668655 0.2112174128 0.2575981273
0.1025 0.2379168944 0.1962210923 0.2402343839
0.103 0.2211260559 0.18149752 0.2228996254
0.1035 0.204364784 0.1670780178 0.2056663608
0.104 0.1877038095 0.1529932427 0.18860627
0.1045 0.1712149843 0.1392731208 0.1717895543
0.105 0.1549702839 0.1259467816 0.1552843446
0.1055 0.1390408177 0.1130424946 0.1391561764
0.106 0.1234958876 0.1005876074 0.1234675385
0.1065 0.1084021298 0.08860848558 0.1082775006
0.107 0.09382276957 0.07713045484 0.09364142087
0.1075 0.07981701276 0.06617774497 0.07961073482
0.108 0.06643958452 0.05577343621 0.06623282145
0.1085 0.05374042108 0.04593940797 0.05355094358
0.109 0.04176450938 0.03669629001 0.04160425566
0.1095 0.0305518631 0.02806341623 0.03042787173
0.11 0.02013761824 0.02005878117 0.02005298493
0.1105 0.01055222738 0.01269899921 0.01050702917
0.111 0.001821730156 0.005999266789 0.001813873252
0.1115 -0.006031922995 -2.6672508e-05 -0.006005962676
0.112 -0.01299051592 -0.005366559759 -0.01293507805
0.1125 -0.01903920089 -0.01000964941 -0.01895895971
0.113 -0.02416613967 -0.01394673479 -0.02406575556
0.1135 -0.02836216674 -0.01717017037 -0.02824606204
0.114 -0.03162048712 -0.0196738907 -0.03149273286
0.1145 -0.03393641873 -0.02145342604 -0.03380071489
0.115 -0.03530718674 -0.02250591455 -0.03516691656
0.1155 -0.03573177517 -0.02283011114 -0.03559011239
0.116 -0.03521083927 -0.02242639275 -0.03507088655
0.1165 -0.03374668005 -0.02129676029 -0.03361161659
0.117 -0.03134328141 -0.01944483708 -0.03121649766
0.1175 -0.02800640789 -0.01687586374 -0.02789160601
0.118 -0.02374376031 -0.01359668975 -0.0236449993
0.1185 -0.01856518427 -0.009615761418 -0.01848685027
0.119 -0.01248292483 -0.004943106534 -0.01242960893
0.1195 -0.005511918719 0.0004096844582 -0.005488187341
0.12 0.00232988694 0.006429480621 0.002319839763
0.1205 0.0110212027 0.01310163602 0.01097402627
0.121 0.02053706725 0.02041001848 0.02045084646
0.1215 0.03084853808 0.0283370416 0.03072349623
0.122 0.04192242183 0.03686369986 0.04176171322
0.1225 0.05372106492 0.04596960688 0.0535316253
0.123 0.06620222513 0.0556330366 0.06599563694
0.1235 0.0793190436 0.06583096747 0.07911236223
0.124 0.09302013419 0.07653912942 0.09283661304
0.1245 0.1072498029 0.08773205355 0.1071194492
0.125 0.1219484042 0.09938312449 0.1219082969
0.1255 0.1370528348 0.1114646353 0.1371471392
0.126 0.1524971568 0.1239478446 0.1527767815
0.1265 0.1682133341 0.1368030362 0.1687351913
0.127 0.1841320605 0.1499995811 0.1849579119
0.1275 0.2001836477 0.1635060007 0.2013785439
0.128 0.2162989412 0.1772900328 0.2179292893
0.1285 0.2324102269 0.1913186989 0.2345415495
0.129 0.2484520943 0.2055583735 0.2511465653
0.1295 0.2643622222 0.2199748541 0.2676760873
0.13 0.2800820619 0.2345334335 0.2840630635
0.1305 0.2955573958 0.2491989725 0.3002423271
0.131 0.3107387604 0.263935974 0.3161512724
0.1315 0.3255817278 0.278708658 0.3317304996
0.132 0.3400470496 0.2934810371 0.346924418
0.1325 0.3541006709 0.3082169924 0.3616817897
0.133 0.3677136296 0.3228803505 0.3759562052
0.1335 0.3808618568 0.3374349598 0.3897064772
0.134 0.393525898 0.3518447672 0.4028969476
0.1345 0.4056905741 0.3660738953 0.4154976985
0.135 0.4173446005 0.3800867181 0.4274846669
0.1355 0.4284801808 0.3938479375 0.4388396607
0.136 0.4390925914 0.4073226582 0.4495502779
0.1365 0.4491797667 0.4204764628 0.4596097341
0.137 0.4587418966 0.4332754848 0.4690166028
0.1375 0.467781043 0.4456864817 0.4777744784
0.138 0.47630078 0.4576769062 0.4858915693
0.1385 0.4843058618 0.4692149761 0.4933802327
0.139 0.4918019189 0.4802697426 0.5002564618
0.1395 0.4987951839 0.4908111573 0.5065393361
0.14 0.5052922452 0.5008101368 0.5122504457
0.1405 0.5112998287 0.510238626 0.5174133014
0.141 0.5168246036 0.5190696584 0.5220527391
0.1415 0.5218730112 0.5272774152 0.5261943282
0.142 0.5264511152 0.5348372811 0.5298637912
0.1425 0.5305644683 0.5417258983 0.5330864424
0.143 0.5342179959 0.5479212176 0.5358866507
0.1435 0.5374158919 0.5534025467 0.5382873305
0.144 0.5401615256 0.5581505957 0.5403094652
0.1445 0.5424573582 0.5621475201 0.5419716655
0.145 0.5443048652 0.5653769602 0.5432897646
0.1455 0.5457044643 0.5678240779 0.5442764507
0.146 0.5466554476 0.5694755897 0.544940939
0.1465 0.5471559152 0.5703197973 0.5452886836
0.147 0.5472027103 0.5703466141 0.5453211294
0.1475 0.546791354 0.5695475888 0.5450355058
0.148 0.5459159801 0.5679159255 0.5444246628
0.1485 0.5445692675 0.5654464999 0.5434769522
0.149 0.5427423712 0.5621358727 0.5421761546
0.1495 0.5404248517 0.5579822989 0.5405014573
0.15 0.5376046016 0.552985734 0.5384274841
0.1505 0.534267772 0.5471478359 0.5359243835
0.151 0.530398697 0.5404719641 0.5329579778
0.1515 0.5259798204 0.5329631745 0.52948998
0.152 0.5209916242 0.5246282115 0.5254782814
0.1525 0.5154125635 0.5154754956 0.5208773171
0.153 0.5092190107 0.5055151082 0.5156385125
0.1535 0.5023852135 0.4947587723 0.5097108145
0.154 0.4948832746 0.4832198307 0.5030413112
0.1545 0.486683159 0.4709132192 0.4955759397
0.155 0.4777527407 0.4578554382 0.4872602828
0.1555 0.4680579005 0.4440645197 0.4780404485
0.156 0.4575626894 0.4295599915 0.467864029
0.1565 0.4462295762 0.4143628386 0.4566811276
0.157 0.4340197998 0.3984954608 0.4444454416
0.1575 0.4208938503 0.3819816279 0.4311153847
0.158 0.4068121042 0.3648464317 0.4166552291
0.1585 0.3917356423 0.3471162353 0.401036243
0.159 0.375627277 0.3288186198 0.3842377993
0.1595 0.358452813 0.3099823281 0.3662484244
0.16 0.3401825595 0.2906372064 0.3470667587
0.1605 0.3207930966 0.270814144 0.3267023964
0.161 0.3002692848 0.2505450095 0.3051765746
0.1615 0.2786064744 0.2298625862 0.2825226819
0.162 0.2558128423 0.208800505 0.2587865611
0.1625 0.2319117398 0.1873931758 0.2340265829
0.163 0.2069438963 0.1656757166 0.2083134745
0.1635 0.18096928 0.1436838819 0.1817298927
0.164 0.154068392 0.1214539891 0.1543697384
0.1645 0.1263427631 0.09902284455 0.1263372185
0.165 0.09791444858 0.07642766727 0.09774566687
0.1655 0.06892437695 0.0537060131 0.06871614853
0.166 0.03952951 0.03089569739 0.03937587367
0.1665 0.009898895703 0.008034717278 0.00985645967
0.167 -0.01979117026 -0.01483882629 -0.01970791805
0.1675 -0.04936253992 -0.03768680687 -0.04918244002
0.168 -0.07864075357 -0.06047115086 -0.07843357306
0.1685 -0.1074602925 -0.08315391572 -0.107330968
0.169 -0.1356691523 -0.1056973679 -0.1357492765
0.1695 -0.1631324382 -0.1280640603 -0.1635698433
0.17 -0.1897348118 -0.1502169094 -0.1906822317
0.1705 -0.2153817489 -0.1721192708 -0.2169855508
0.171 -0.239999692 -0.1937350153 -0.2423895557
0.1715 -0.2635352626 -0.215028602 -0.2668155028
0.172 -0.2859537518 -0.2359651521 -0.2901967489
0.1725 -0.3072371223 -0.2565105194 -0.3124790928
0.173 -0.3273817359 -0.2766313611 -0.3336208629
0.1735 -0.3463959942 -0.2962952053 -0.3535927654
0.174 -0.3642980335 -0.3154705177 -0.3723775102
0.1745 -0.3811135759 -0.3341267659 -0.3899692389
0.175 -0.3968739975 -0.3522344813 -0.4063727825
0.1755 -0.4116146464 -0.3697653198 -0.4216027774
0.176 -0.4253734155 -0.3866921187 -0.4356826723
0.1765 -0.438189562 -0.4029889519 -0.4486436562
0.177 -0.4501027529 -0.4186311828 -0.4605235371
0.1775 -0.4611523108 -0.4335955136 -0.4713655995
0.178 -0.4713766334 -0.4478600325 -0.4812174674
0.1785 -0.4808127581 -0.4614042573 -0.4901299923
0.179 -0.4894960469 -0.4742091768 -0.4981561878
0.1795 -0.4974599692 -0.4862572883 -0.5053502237
0.18 -0.504735962 -0.4975326325 -0.5117664929
0.1805 -0.5113533508 -0.5080208247 -0.5174587587
0.181 -0.5173393171 -0.5177090829 -0.5224793878
0.1815 -0.5227189016 -0.5265862526 -0.5268786715
0.182 -0.5275150321 -0.5346428278 -0.530704236
0.1825 -0.5317485711 -0.5418709689 -0.5340005397
0.183 -0.5354383751 -0.5482645171 -0.536808454
0.1835 -0.5386013621 -0.5538190048 -0.5391649244
0.184 -0.5412525841 -0.5585316628 -0.5411027074
0.1845 -0.5434053012 -0.562401424 -0.542650176
0.185 -0.5450710565 -0.5654289233 -0.5438311921
0.1855 -0.5462597502 -0.567616494 -0.5446650381
0.186 -0.5469797113 -0.5689681604 -0.5451664045
0.1865 -0.5472377685 -0.5694896273 -0.5453454297
0.187 -0.5470393183 -0.5691882659 -0.5452077883
0.1875 -0.5463883914 -0.5680730954 -0.5447548257
0.188 -0.5452877186 -0.5661547626 -0.5439837354
0.1885 -0.5437387952 -0.5634455164 -0.54288778
0.189 -0.5417419464 -0.5599591804 -0.5414565527
0.1895 -0.5392963942 -0.5557111217 -0.5396762786
0.19 -0.5364003264 -0.5507182158 -0.537530156
0.1905 -0.5330509701 -0.5449988093 -0.5349987363
0.191 -0.5292446714 -0.5385726793 -0.5320603417
0.1915 -0.5249769819 -0.5314609896 -0.5286915183
0.192 -0.5202427547 -0.5236862437 -0.5248675241
0.1925 -0.5150362533 -0.5152722362 -0.5205628477
0.193 -0.5093512725 -0.506244 -0.5157517542
0.1935 -0.5031812772 -0.4966277522 -0.5104088536
0.194 -0.4965195595 -0.4864508368 -0.5045096855
0.1945 -0.4893594164 -0.4757416655 -0.4980313132
0.195 -0.4816943525 -0.4645296559 -0.4909529185
0.1955 -0.4735183072 -0.4528451681 -0.4832563877
0.196 -0.4648259102 -0.4407194392 -0.4749268803
0.1965 -0.4556127655 -0.4281845157 -0.4659533669
0.197 -0.4458757648 -0.4152731847 -0.4563291282
0.1975 -0.4356134289 -0.4020189036 -0.4460522015
0.198 -0.424826276 -0.388455728 -0.4351257654
0.1985 -0.4135172124 -0.3746182391 -0.4235584521
0.199 -0.4016919395 -0.3605414696 -0.411364579
0.1995 -0.3893593703 -0.3462608285 -0.3985642909
0.2 -0.3765320435 -0.3318120262 -0.385183609
0.2005 -0.3632265228 -0.3172309977 -0.3712543821
0.201 -0.3494637657 -0.3025538268 -0.3568141398
0.2015 -0.3352694447 -0.2878166687 -0.3419058486
0.202 -0.3206742017 -0.2730556741 -0.3265775754
0.2025 -0.305713817 -0.2583069116 -0.3108820655
0.203 -0.2904292733 -0.2436062922 -0.2948762429
0.2035 -0.2748666996 -0.2289894927 -0.2786206454
0.204 -0.2590771824 -0.2144918808 -0.2621788061
0.2045 -0.2431164369 -0.2001484403 -0.2456165959
0.205 -0.2270443378 -0.1859936977 -0.2290015428
0.2055 -0.2109243175 -0.1720616493 -0.212402142
0.206 -0.1948226462 -0.15838569 -0.1958871724
0.2065 -0.1788076168 -0.1449985432 -0.179525035
0.207 -0.1629486637 -0.1319321927 -0.1633831256
0.2075 -0.1473154491 -0.1192178153 -0.1475272535
0.208 -0.131976952 -0.1068857165 -0.1320211178
0.2085 -0.1170005972 -0.09496526695 -0.1169258471
0.209 -0.1024514544 -0.08348484175 -0.1022996111
0.2095 -0.08839153745 -0.07247176165 -0.08819730473
0.21 -0.07487922274 -0.06195223661 -0.07467030815
0.2105 -0.06196880113 -0.05195131187 -0.06176632053
0.211 -0.04971016743 -0.04249281651 -0.04952926497
0.2115 -0.03814864542 -0.03359931472 -0.0379992597
0.212 -0.02732493934 -0.02529205984 -0.02721264922
0.2125 -0.01727519735 -0.0175909512 -0.0172020877
0.213 -0.00803116918 -0.01051449403 -0.007996666319
0.2135 0.0003795620583 -0.004079762247 0.0003779247225
0.214 0.007933294767 0.001697635507 0.00789920899
0.2145 0.01460989069 0.006803586739 0.01454772084
0.215 0.02039244269 0.01122550271 0.02030679604
0.2155 0.02526694561 0.01495234275 0.02516236489
0.216 0.02922198505 0.01797463523 0.02910275603
0.2165 0.0322484565 0.02028449516 0.03211851844
0.217 0.03433932524 0.0218756384 0.03420226823
0.2175 0.0354894348 0.02274339233 0.03534856558
0.218 0.03569537015 0.02288470323 0.03555382636
0.2185 0.03495537992 0.02229814002 0.03481627152
0.219 0.03326936004 0.02098389466 0.03313591629
0.2195 0.03063889996 0.018943779 0.03051459995
0.22 0.02706739087 0.01618121825 0.02695605546
0.2205 0.0225601936 0.01270124092 0.02246601734
0.221 0.01712486231 0.008510465446 0.01705236464
0.2215 0.01077141791 0.003617083377 0.01072529463
0.222 0.003512663011 -0.001969160729 0.003497521997
0.2225 -0.00463547242 -0.008236992723 -0.004615503257
0.223 -0.01365356797 -0.0151736355 -0.01359536653
0.2235 -0.02351834847 -0.02276483879 -0.0234204565
0.224 -0.0342023371 -0.03099491209 -0.03406573914
0.2245 -0.04567354691 -0.03984676055 -0.04550254763
0.225 -0.05789523318 -0.04930192384 -0.05769839795
0.2255 -0.07082572959 -0.05934061792 -0.07061684018
0.226 -0.08441839033 -0.06994177942 -0.08421735515
0.2265 -0.09862165791 -0.08108311285 -0.09845530565
0.227 -0.1133792719 -0.09274114024 -0.1132819504
0.2275 -0.1286306278 -0.1048912533 -0.1286445276
0.228 -0.1443112888 -0.1175077678 -0.1444864145
0.2285 -0.1603536411 -0.1305639803 -0.1607473653
0.229 -0.1766876803 -0.1440322268 -0.1773638303
0.2295 -0.1932419004 -0.1578839434 -0.1942693548
0.23 -0.209944256 -0.1720897291 -0.2113950562
0.2305 -0.2267231587 -0.1866194094 -0.2286701713
0.231 -0.2435084687 -0.2014421023 -0.2460226693
0.2315 -0.2602324403 -0.2165262857 -0.2633799173
0.232 -0.2768305866 -0.2318398652 -0.2806693886
0.2325 -0.2932424307 -0.2473502437 -0.2978193983
0.233 -0.309412122 -0.263024392 -0.314759852
0.2335 -0.3252889027 -0.2788289197 -0.331422991
0.234 -0.3408274185 -0.294730147 -0.3477441185
0.2345 -0.3559878784 -0.3106941772 -0.3636622892
0.235 -0.3707360712 -0.3266869689 -0.3791209484
0.2355 -0.3850432572 -0.3426744093 -0.394068505
0.236 -0.3988859516 -0.3586223864 -0.4084588274
0.2365 -0.4122456233 -0.3744968621 -0.4222516506
0.237 -0.4251083289 -0.3902639441 -0.4354128871
0.2375 -0.4374643035 -0.4058899581 -0.447914837
0.238 -0.4493075267 -0.4213415186 -0.4597362932
0.2385 -0.460635279 -0.4365855998 -0.4708625438
0.239 -0.4714477039 -0.4515896052 -0.4812852727
0.2395 -0.4817473843 -0.4663214353 -0.4910023654
0.24 -0.4915389421 -0.4807495559 -0.5000176262
0.2405 -0.500828666 -0.4948430633 -0.5083404163
0.241 -0.5096241708 -0.5085717489 -0.515985224
0.2415 -0.5179340893 -0.5219061621 -0.5229711773
0.242 -0.5257677985 -0.5348176712 -0.5293215129
0.2425 -0.5331351764 -0.5472785226 -0.5350630112
0.243 -0.540046391 -0.5592618977 -0.5402254119
0.2435 -0.546511717 -0.5707419681 -0.5448408197
0.244 -0.5525413782 -0.5816939482 -0.5489431114
0.2445 -0.5581454144 -0.5920941458 -0.5525673532
0.245 -0.5633335683 -0.6019200095 -0.5557492367
0.2455 -0.5681151906 -0.6111501746 -0.5585245407
0.246 -0.5724991622 -0.6197645053 -0.5609286228
0.2465 -0.5764938281 -0.627744135 -0.5629959467
0.247 -0.5801069451 -0.6350715033 -0.5647596464
0.2475 -0.5833456371 -0.6417303902 -0.5662511297
0.248 -0.5862163605 -0.6477059471 -0.5674997214
0.2485 -0.5887248745 -0.6529847257 -0.568532346
0.249 -0.5908762175 -0.6575547026 -0.569373249
0.2495 -0.5926746883 -0.6614053013 -0.5700437549
0.25 -0.5941238293 -0.6645274116 -0.5705620614
0.2505 -0.595226413 -0.6669134048 -0.5709430663
0.251 -0.5959844303 -0.6685571463 -0.5711982263
0.2515 -0.5963990795 -0.6694540045 -0.5713354464
0.252 -0.5964707568 -0.6696008575 -0.5713589968
0.2525 -0.5961990463 -0.668996095 -0.5712694582
0.253 -0.5955827114 -0.6676396179 -0.5710636934
0.2535 -0.5946196852 -0.665532835 -0.5707348459
0.254 -0.5933070616 -0.662678655 -0.5702723654
0.2545 -0.5916410863 -0.659081477 -0.5696620616
0.255 -0.5896171482 -0.6547471768 -0.5688861867
0.2555 -0.5872297709 -0.6496830902 -0.5679235495
0.256 -0.5844726062 -0.6438979934 -0.5667496623
0.2565 -0.5813384275 -0.63740208 -0.5653369225
0.257 -0.5778191274 -0.6302069359 -0.5636548332
0.2575 -0.5739057164 -0.6223255097 -0.5616702617
0.258 -0.5695883274 -0.6137720822 -0.5593477417
0.2585 -0.5648562247 -0.6045622312 -0.5566498172
0.259 -0.5596978201 -0.5947127951 -0.5535374314
0.2595 -0.5541006988 -0.5842418331 -0.5499703599
0.26 -0.5480516547 -0.5731685828 -0.5459076865
0.2605 -0.5415367412 -0.5615134163 -0.5413083212
0.261 -0.5345413366 -0.5492977927 -0.5361315551
0.2615 -0.5270502302 -0.5365442096 -0.5303376481
0.262 -0.5190477317 -0.5232761514 -0.5238884442
0.2625 -0.5105178075 -0.5095180367 -0.5167480039
0.263 -0.5014442488 -0.4952951631 -0.5088832469
0.2635 -0.491810876 -0.4806336503 -0.5002645935
0.264 -0.4816017834 -0.4655603825 -0.4908665919
0.2645 -0.4708016294 -0.4501029479 -0.4806685206
0.265 -0.459395976 -0.4342895781 -0.4696549514
0.2655 -0.4473716805 -0.4181490856 -0.4578162592
0.266 -0.4347173411 -0.4017108008 -0.445149067
0.2665 -0.4214237975 -0.3850045075 -0.4316566115
0.267 -0.4074846824 -0.3680603782 -0.4173490198
0.2675 -0.3928970183 -0.3509089084 -0.4022434857
0.268 -0.3776618509 -0.3335808503 -0.3863643389
0.2685 -0.3617849017 -0.3161071471 -0.3697430022
0.269 -0.3452772209 -0.2985188658 -0.3524178323
0.2695 -0.3281558161 -0.2808471309 -0.3344338458
0.27 -0.3104442222 -0.2631230582 -0.3158423339
0.2705 -0.2921729811 -0.2453776883 -0.2967003708
0.271 -0.2733799907 -0.2276419209 -0.277070226
0.2715 -0.2541106854 -0.2099464498 -0.2570186918
0.272 -0.234418014 -0.1923216983 -0.2366163407
0.2725 -0.2143621841 -0.1747977553 -0.2159367269
0.273 -0.1940101575 -0.1574043132 -0.1950555515
0.2735 -0.1734348903 -0.1401706058 -0.1740498077
0.274 -0.1527143295 -0.1231253484 -0.1529969242
0.2745 -0.1319301981 -0.1062966788 -0.1319739258
0.275 -0.1111666113 -0.08971209961 -0.1110566267
0.2755 -0.09050858615 -0.07339842286 -0.09031887275
0.276 -0.07004051183 -0.0573817158 -0.06983184622
0.2765 -0.04984465413 -0.04168724879 -0.0496634438
0.277 -0.02999976237 -0.02633944513 -0.02987773758
0.2775 -0.01057983977 -0.01136183295 -0.01053452497
0.278 0.008346875827 0.003223000687 0.008311028475
0.2785 0.02671869038 0.01739345339 0.02660865225
0.279 0.04448097808 0.03112894871 0.04431314105
0.2795 0.06158645507 0.04440997497 0.06138443542
0.28 0.07799522011 0.05721812146 0.07778761815
0.2805 0.09367459008 0.06953611217 0.09349283318
0.281 0.1085987656 0.08134783672 0.1084751354
0.2815 0.1227483651 0.09263837864 0.1227142805
0.282 0.1361098652 0.1033940408 0.136194464
0.2825 0.1486749836 0.113602368 0.1489040203
0.283 0.1604400357 0.1232521669 0.1608350916
0.2835 0.171405292 0.1323335225 0.1719832753
0.284 0.1815743556 0.1408378124 0.1823472613
0.2845 0.1909535773 0.1487577172 0.1919284651
0.285 0.1995515177 0.1560872292 0.2007306674
0.2855 0.2073784631 0.1628216565 0.2087596645
0.286 0.214445999 0.1689576255 0.2160229371
0.2865 0.2207666404 0.1744930798 0.2225293428
0.287 0.2263535196 0.179427276 0.2282888341
0.2875 0.2312201265 0.1837607767 0.2333122084
0.288 0.2353800996 0.1874954411 0.2376108893
0.2885 0.2388470631 0.1906344115 0.2411967423
0.289 0.241634505 0.1931820984 0.2440819243
0.2895 0.2437556942 0.1951441612 0.2462787691
0.29 0.2452236308 0.1965274879 0.2477997044
0.2905 0.2460510268 0.1973401705 0.2486572035
0.291 0.2462503133 0.1975914788 0.2488637654
0.2915 0.2458336727 0.1972918309 0.2484319253
0.292 0.2448130908 0.196452762 0.2473742894
0.2925 0.2432004284 0.1950868901 0.2457035927
0.293 0.2410075095 0.1932078798 0.2434327771
0.2935 0.2382462226 0.1908304035 0.2405750845
0.294 0.2349286358 0.1879701007 0.2371441634
0.2945 0.2310671204 0.1846435352 0.2331541831
0.295 0.2266744835 0.1808681505 0.2286199537
0.2955 0.2217641056 0.1766622231 0.2235570473
0.296 0.2163500811 0.1720448143 0.2179819156
0.2965 0.2104473602 0.1670357204 0.2119120027
0.297 0.2040718867 0.161655421 0.205365847
0.2975 0.1972407312 0.1559250269 0.1983631712
0.298 0.1899722147 0.1498662255 0.1909249563
0.2985 0.1822860193 0.1435012263 0.1830734971
0.299 0.1742032827 0.1368527049 0.1748324377
0.2995 0.1657466724 0.1299437457 0.166226785
0.3 0.1569404365 0.122797785 0.157282899
0.3005 0.1478104267 0.1154385522 0.1480284591
0.301 0.1383840929 0.1078900121 0.1384924071
0.3015 0.1286904449 0.1001763056 0.1287048666
0.302 0.118759981 0.09232169075 0.1186970398
0.3025 0.108624583 0.08435048395 0.1085010844
0.303 0.09831737786 0.07628700111 0.09814997089
0.3035 0.08787256844 0.06815549898 0.08767732393
0.304 0.07732523507 0.0599801171 0.07711725049
0.3045 0.06671111304 0.05178482005 0.0665041573
0.305 0.05606635032 0.04359334056 0.05587256133
0.3055 0.04542725142 0.03542912334 0.04525689666
0.306 0.03483001369 0.02731526979 0.03469132099
0.3065 0.02431046249 0.01927448392 0.02420952539
0.307 0.01390379205 0.01132901925 0.01384455023
0.3075 0.003644317971 0.003500627206 0.003628610411
0.308 -0.006434752672 -0.004189493193 -0.006407067498
0.3085 -0.01630152889 -0.01172074405 -0.01623239396
0.309 -0.02592561703 -0.01907317565 -0.02581854911
0.3095 -0.03527827295 -0.02622753182 -0.03513809799
0.31 -0.04433252343 -0.03316529338 -0.04416508731
0.3105 -0.05306325619 -0.0398687196 -0.05287512338
0.311 -0.06144727934 -0.04632088775 -0.06124543109
0.3115 -0.06946335131 -0.05250573033 -0.06925489443
0.312 -0.07709218397 -0.05840807021 -0.07688407931
0.3125 -0.08431642145 -0.0640136534 -0.0841152399
0.313 -0.09112059824 -0.0693091795 -0.09093230992
0.3135 -0.09749108004 -0.07428232962 -0.09732088065
0.314 -0.1034159911 -0.0789217919 -0.1032681676
0.3145 -0.1088851317 -0.08321728444 -0.108762968
0.315 -0.1138898893 -0.08715957557 -0.1137956107
0.3155 -0.1184231467 -0.09074050151 -0.1183579015
0.316 -0.1224791899 -0.09395298139 -0.1224430655
0.3165 -0.1260536189 -0.09679102949 -0.1260456881
0.317 -0.1291432628 -0.09924976474 -0.1291616576
0.3175 -0.131746102 -0.1013254175 -0.1317881094
0.318 -0.1338611988 -0.1030153335 -0.1339233757
0.3185 -0.1354886362 -0.1043179752 -0.135566939
0.319 -0.1366294688 -0.1052329201 -0.1367193934
0.3195 -0.1372856824 -0.1057608564 -0.1373824112
0.32 -0.1374601661 -0.1059035761 -0.1375587188
0.3205 -0.1371566943 -0.1056639651 -0.1372520787
0.321 -0.1363799198 -0.1050459907 -0.1364672798
0.3215 -0.1351353768 -0.1040546865 -0.1352101341
0.322 -0.1334294928 -0.1026961345 -0.1334874809
0.3225 -0.1312696096 -0.1009774452 -0.1313071951
0.323 -0.1286640108 -0.09890673391 -0.1286782017
0.3235 -0.1256219553 -0.09649309623 -0.1256104919
0.324 -0.1221537155 -0.09374657984 -0.1221151426
0.3245 -0.1182706168 -0.09067815455 -0.118204335
0.325 -0.1139850798 -0.08729968001 -0.1138913734
0.3255 -0.1093106591 -0.08362387116 -0.1091907001
0.326 -0.1042620806 -0.07966426164 -0.1041179066
0.3265 -0.0988552722 -0.07543516523 -0.09868973939
0.327 -0.09310738741 -0.07095163535 -0.09292409784
0.3275 -0.08703681952 -0.06622942274 -0.08684002419
0.328 -0.0806632039 -0.06128493149 -0.08045768388
0.3285 -0.07400740724 -0.05613517343 -0.07379833546
0.329 -0.06709150188 -0.05079772111 -0.06688428954
0.3295 -0.05993872429 -0.0452906593 -0.05973885626
0.33 -0.05257341678 -0.03963253536 -0.0523862813
0.3305 -0.04502095225 -0.03384230842 -0.04485167049
0.331 -0.03730764202 -0.0279392976 -0.03716090355
0.3315 -0.02946062766 -0.02194312928 -0.02934053771
0.332 -0.02150775797 -0.0158736837 -0.02141770213
0.3325 -0.01347745279 -0.00975104092 -0.01341998445
0.333 -0.005398556039 -0.003595426285 -0.005375310911
0.3335 0.002699819488 0.002572844472 0.002688178427
0.334 0.01078845261 0.008733420329 0.01074225747
0.3345 0.0188381764 0.01486597016 0.01875874318
0.335 0.02682003974 0.02095023791 0.026709624
0.3355 0.03470546463 0.0269660975 0.03456718582
0.336 0.04246639622 0.03289360754 0.04230413369
0.3365 0.05007544284 0.0387130655 0.0498937076
0.337 0.05750600363 0.0444050613 0.0573097908
0.3375 0.06473238183 0.04995053031 0.06452700941
0.338 0.0717298824 0.05533080533 0.07152082209
0.3385 0.07847489295 0.06052766774 0.07826759919
0.339 0.08494494765 0.06552339752 0.08474469051
0.3395 0.09111877433 0.07030082206 0.09093048168
0.34 0.09697632525 0.07484336363 0.09680443903
0.3405 0.1024987928 0.07913508539 0.1023471432
0.341 0.1076686112 0.0831607359 0.1075403124
0.3415 0.1124694461 0.08690579187 0.1123668152
0.342 0.1168861742 0.09035649924 0.1168106753
0.3425 0.1209048542 0.09349991231 0.1208570684
0.343 0.124512692 0.0963239309 0.1244923123
0.3435 0.1276980014 0.0988173355 0.1277038535
0.344 0.1304501638 0.1009698202 0.1304802491
0.3445 0.1327595867 0.1027720235 0.132811148
0.345 0.1346176654 0.1042155567 0.134687272
0.3455 0.1360167476 0.1052930297 0.1361003977
0.346 0.1369501036 0.1059980752 0.1370433419
0.3465 0.1374119033 0.1063253691 0.1375099509
0.347 0.1373972009 0.1062706494 0.1374950947
0.3475 0.1369019289 0.1058307322 0.136994668
0.348 0.1359229017 0.1050035246 0.1360055975
0.3485 0.1344578298 0.1037880355 0.134525857
0.349 0.1325053443 0.1021843835 0.1325544898
0.3495 0.1300650332 0.1001938021 0.1300916389
0.35 0.1271374879 0.09781864154 0.1271385838
0.3505 0.12372436 0.09506236899 0.1236977847
0.351 0.1198284284 0.09192956502 0.1197729317
0.3515 0.1154536742 0.0884259177 0.1153689988
0.352 0.1106053637 0.08455821391 0.1104923009
0.3525 0.1052901362 0.08033432783 0.1051505526
0.353 0.09951609559 0.07576320675 0.0993529265
0.3535 0.09329290239 0.0708548542 0.09311010891
0.354 0.08663186412 0.06562031033 0.08643435201
0.3545 0.07954602027 0.06007162981 0.07933951889
0.355 0.07205021864 0.05422185702 0.07184112027
0.3555 0.06416117938 0.04808499881 0.06395634046
0.356 0.0558975431 0.04167599476 0.05570405074
0.3565 0.0472798993 0.03501068505 0.04710480816
0.357 0.03833079171 0.02810577602 0.03818083841
0.3575 0.02907469759 0.02097880347 0.02895600128
0.358 0.01953797831 0.0136480938 0.01945573791
0.3585 0.009748799666 0.006132723055 0.009706999212
0.359 -0.0002629791271 -0.001547525976 -0.0002618446955
0.3595 -0.01046594744 -0.009372208592 -0.01042111359
0.36 -0.02082731507 -0.01732026478 -0.02073994416
0.3605 -0.03131311137 -0.02537006749 -0.03118643349
0.361 -0.04188840827 -0.03349947251 -0.0417277975
0.3615 -0.05251756242 -0.04168586976 -0.05233054196
0.362 -0.06316447121 -0.04990623596 -0.06296064383
0.3625 -0.07379283635 -0.05813718848 -0.07358373973
0.363 -0.08436642872 -0.06635504035 -0.08416531878
0.3635 -0.09484934774 -0.07453585616 -0.0946709162
0.364 -0.1052062689 -0.08265550884 -0.1050663044
0.3645 -0.1154026737 -0.09068973717 -0.1153176783
0.365 -0.125405056 -0.09861420381 -0.1253918309
0.3655 -0.1351811022 -0.1064045538 -0.135256317
0.366 -0.1446998393 -0.1140364735 -0.1448796012
0.3665 -0.1539317518 -0.1214857493 -0.1542311877
0.367 -0.1628488642 -0.1287283267 -0.163281731
0.3675 -0.1714247896 -0.1357403695 -0.172003123
0.368 -0.1796347466 -0.142498318 -0.1803685593
0.3685 -0.1874555452 -0.1489789476 -0.1883525796
0.369 -0.1948655451 -0.1551594264 -0.195931086
0.3695 -0.2018445883 -0.161017372 -0.2030813366
0.37 -0.2083739119 -0.1665309085 -0.2097819178
0.3705 -0.2144360415 -0.1716787211 -0.216012695
0.371 -0.2200146721 -0.1764401108 -0.221754744
0.3715 -0.2250945377 -0.1807950474 -0.2269902669
0.372 -0.229661274 -0.1847242214 -0.2317024932
0.3725 -0.2337012783 -0.1882090942 -0.2358755706
0.373 -0.237201568 -0.1912319469 -0.2394944484
0.3735 -0.2401496414 -0.1937759275 -0.2425447569
0.374 -0.2425333437 -0.1958250961 -0.2450126872
0.3745 -0.2443407396 -0.1973644686 -0.2468848743
0.375 -0.2455599958 -0.1983800575 -0.2481482873
0.3755 -0.2461792741 -0.1988589118 -0.2487901317
0.376 -0.2461866393 -0.1987891539 -0.2487977657
0.3765 -0.2455699812 -0.198160014 -0.2481586359
0.377 -0.2443169563 -0.1969618631 -0.2468602332
0.3775 -0.2424149483 -0.1951862423 -0.2448900755
0.378 -0.2398510524 -0.1928258906 -0.2422357156
0.3785 -0.2366120854 -0.1898747694 -0.2388847812
0.379 -0.2326846246 -0.1863280846 -0.2348250451
0.3795 -0.2280550799 -0.1821823058 -0.2300445298
0.38 -0.2227098016 -0.1774351831 -0.2245316456
0.3805 -0.2166352292 -0.1720857604 -0.2182753639
0.381 -0.2098180851 -0.1661343863 -0.211265424
0.3815 -0.2022456164 -0.1595827221 -0.2034925736
0.382 -0.1939058897 -0.1524337465 -0.1949488403
0.3825 -0.1847881409 -0.1446917575 -0.1856278302
0.383 -0.1748831832 -0.1363623716 -0.1755250531
0.3835 -0.1641838722 -0.1274525192 -0.1646382651
0.384 -0.1526856258 -0.1179704385 -0.1529678274
0.3845 -0.1403869952 -0.1079256643 -0.1405170711
0.385 -0.1272902758 -0.09732901622 -0.1272926622
0.3855 -0.1134021454 -0.08619258165 -0.1133049592
0.386 -0.09873430987 -0.0745296976 -0.09856835171
0.3865 -0.08330413236 -0.06235492865 -0.08310157291
0.387 -0.0671352158 -0.04968404236 -0.06692797497
0.3875 -0.05025790427 -0.03653398185 -0.0500757571
0.388 -0.03270966556 -0.02292283559 -0.03257813684
0.3885 -0.01453531637 -0.008869804568 -0.01447345521
0.389 0.004212946399 0.005604833273 0.004194793122
0.3895 0.02347573909 0.02047976108 0.02337801163
0.39 0.04318693109 0.03573266364 0.04302264184
0.3905 0.06327433915 0.05134027034 0.06307039527
0.391 0.08366066891 0.06727840041 0.08345857923
0.3915 0.1042646789 0.08352201042 0.1041205163
0.392 0.1250025253 0.1000452438 0.1249860542
0.3925 0.1457892305 0.1168214827 0.1459821612
0.393 0.1665402097 0.1338234008 0.1670335977
0.3935 0.1871727823 0.1510230197 0.188063655
0.394 0.2076075979 0.1683917648 0.208994947
0.3945 0.2277699143 0.1859005245 0.2297502407
0.395 0.2475906747 0.2035197096 0.2502533089
0.3955 0.2670073512 0.2212193152 0.2704297876
0.396 0.2859645352 0.2389689825 0.2902080194
0.3965 0.3044142739 0.2567380622 0.3095198666
0.397 0.3223161679 0.2744956794 0.3283014733
0.3975 0.3396372547 0.2922107978 0.3464939639
0.398 0.3563517112 0.3098522861 0.3640440601
0.3985 0.3724404138 0.3273889835 0.3809046053
0.399 0.387890394 0.3447897665 0.3970349869
0.3995 0.402694226 0.3620236153 0.4124014475
0.4 0.4168493787 0.3790596804 0.4269772825
0.4005 0.4303575601 0.3958673493 0.4407429215
0.401 0.4432240758 0.4124163124 0.4536858966
0.4015 0.455457219 0.4286766288 0.4658007002
0.402 0.4670677023 0.4446187918 0.4770885411
0.4025 0.4780681406 0.4602137929 0.4875570074
0.403 0.4884725863 0.4754331859 0.4972196468
0.4035 0.4982961198 0.4902491494 0.5060954765
0.404 0.5075544935 0.504634548 0.5142084367
0.4045 0.5162638251 0.5185629929 0.5215868001
0.405 0.5244403382 0.5320089003 0.5282625508
0.4055 0.5321001452 0.544947549 0.5342707468
0.406 0.5392590676 0.5573551355 0.5396488764
0.4065 0.5459324891 0.5692088282 0.5444362209
0.407 0.5521352384 0.5804868187 0.548673233
0.4075 0.5578814956 0.591168372 0.5524009393
0.408 0.5631847197 0.6012338738 0.5556603733
0.4085 0.5680575941 0.6106648758 0.5584920449
0.409 0.5725119856 0.6194441385 0.5609354505
0.4095 0.5765589164 0.6275556721 0.563028625
0.41 0.5802085446 0.6349847736 0.5648077385
0.4105 0.5834701526 0.6417180625 0.566306737
0.411 0.5863521423 0.6477435132 0.567557027
0.4115 0.5888620334 0.6530504842 0.568587202
0.412 0.5910064665 0.657629745 0.5694228103
0.4125 0.5927912078 0.6614734998 0.5700861598
0.413 0.594221156 0.6645754082 0.5705961603
0.4135 0.5953003501 0.6669306025 0.5709681988
0.414 0.5960319779 0.6685357026 0.5712140461
0.4145 0.5964183849 0.6693888268 0.5713417943
0.415 0.5964610837 0.6694896001 0.5713558215
0.4155 0.5961607625 0.6688391591 0.5712567844
0.416 0.595517295 0.6674401535 0.571041638
0.4165 0.594529749 0.6652967442 0.570703681
0.417 0.5931963968 0.6624145989 0.5702326298
0.4175 0.5915147252 0.6588008835 0.5696147192
0.418 0.5894814468 0.6544642505 0.5688328341
0.4185 0.5870925135 0.649414825 0.567866671
0.419 0.5843431314 0.6436641859 0.566692933
0.4195 0.581227779 0.6372253457 0.5652855595
0.42 0.5777402296 0.6301127256 0.5636159925
0.4205 0.573873578 0.6223421286 0.5616534807
0.421 0.5696202742 0.6139307091 0.5593654236
0.4215 0.5649721636 0.6048969394 0.5567177541
0.422 0.5599205375 0.5952605735 0.5536753619
0.4225 0.5544561937 0.5850426081 0.5502025537
0.423 0.5485695105 0.5742652407 0.5462635505
0.4235 0.5422505356 0.5629518252 0.541823016
0.424 0.5354890926 0.5511268242 0.5368466131
0.4245 0.5282749076 0.5388157601 0.5313015808
0.425 0.5205977582 0.5260451626 0.5251573249
0.4255 0.5124476474 0.5128425146 0.5183860129
0.426 0.503815006 0.4992361955 0.5109631628
0.4265 0.4946909242 0.4852554229 0.5028682163
0.427 0.4850674153 0.470930192 0.4940850818
0.4275 0.4749377124 0.4562912133 0.4846026383
0.428 0.464296598 0.4413698488 0.4744151855
0.4285 0.4531407664 0.4261980463 0.4635228293
0.429 0.441469215 0.4108082727 0.4519317925
0.4295 0.4292836606 0.3952334456 0.4396546392
0.43 0.4165889743 0.3795068643 0.4267104065
0.4305 0.4033936239 0.3636621397 0.4131246369
0.431 0.3897101126 0.3477331225 0.3989293066
0.4315 0.3755553993 0.3317538326 0.3841626512
0.432 0.3609512803 0.3157583858 0.3688688874
0.4325 0.345924715 0.2997809222 0.3530978374
0.433 0.3305080731 0.2838555325 0.3369044613
0.4335 0.3147392809 0.2680161861 0.3203483091
0.434 0.2986618487 0.2522966576 0.3034929015
0.4345 0.28232476 0.2367304549 0.2864050556
0.435 0.2657822119 0.221350747 0.2691541696
0.4355 0.2490932006 0.2061902927 0.2518114816
0.436 0.2323209535 0.1912813698 0.2344493203
0.4365 0.2155322211 0.1766557054 0.2171403635
0.437 0.198796447 0.1623444073 0.1999569193
0.4375 0.1821848454 0.1483778962 0.182970244
0.438 0.1657694205 0.1347858398 0.1662499116
0.4385 0.1496219676 0.1215970879 0.1498632426
0.439 0.1338130949 0.1088396095 0.1338748032
0.4395 0.1184113059 0.09654043137 0.1183459801
0.44 0.1034821762 0.08472557894 0.1033346341
0.4405 0.08908765197 0.07342001865 0.08889483551
0.441 0.07528548905 0.06264760294 0.07507667873
0.4415 0.06212884309 0.05243101737 0.06192617387
0.442 0.04966601134 0.04279173009 0.04948521028
0.4425 0.03794031936 0.03374994392 0.03779158533
0.443 0.026990139 0.02532455101 0.02687909053
0.4435 0.01684901929 0.01753309021 0.01677764616
0.444 0.007545908664 0.01039170732 0.007513474915
0.4445 -0.0008945542421 0.003915118237 -0.0008906955196
0.445 -0.008451704126 -0.001883424973 -0.008415410645
0.4455 -0.0151084883 -0.006992164808 -0.01504425805
0.446 -0.02085110127 -0.011400866 -0.02076363623
0.4465 -0.02566863165 -0.01510083995 -0.02556253196
0.447 -0.02955273565 -0.01808496587 -0.02943231414
0.4475 -0.03249734878 -0.02034770865 -0.03236655091
0.448 -0.03449844483 -0.02188513334 -0.03436085591
0.4485 -0.0355538488 -0.0226949162 -0.03541276832
0.449 -0.03566310846 -0.02277635239 -0.03552167018
0.4495 -0.03482742736 -0.02213036013 -0.03468874325
0.45 -0.03304966034 -0.0207594815 -0.03291696629
0.4505 -0.03033437101 -0.01866787963 -0.03021115254
0.451 -0.02668794934 -0.01586133255 -0.02657802583
0.4515 -0.02211878547 -0.01234722352 -0.0220263325
0.452 -0.01663749447 -0.008134527883 -0.01656698511
0.4525 -0.01025718458 -0.003233796574 -0.01021323287
0.453 -0.002993759655 0.002342863839 -0.002980852557
0.4535 0.005133756191 0.008581814423 0.005111647317
0.454 0.01410288556 0.01546791047 0.01404281697
0.4545 0.0238873729 0.02298453137 0.02378805923
0.455 0.03445688616 0.0311136136 0.03431943602
0.4555 0.04577676493 0.03983568697 0.04560549689
0.456 0.05780783578 0.0491299138 0.05761113907
0.4565 0.07050631522 0.05897413117 0.07029750844
0.457 0.08382381918 0.06934489599 0.0836219501
0.4575 0.0977074945 0.08021753293 0.09753801637
0.458 0.1121002835 0.09156618499 0.1119955392
0.4585 0.1269413268 0.1033638667 0.1269407724
0.459 0.1421665007 0.1155825199 0.1423166064
0.4595 0.1577090811 0.1281930714 0.1580628592
0.46 0.1735005131 0.141165494 0.174116641
0.4605 0.1894712621 0.1544688681 0.1904127905
0.461 0.2055517158 0.1680714467 0.2068843791
0.4615 0.2216731006 0.1819407211 0.223463273
0.462 0.2377683774 0.1960434896 0.2400807471
0.4625 0.2537730828 0.2103459262 0.2566681366
0.463 0.2696260831 0.2248136523 0.2731575146
0.4635 0.2852702176 0.2394118084 0.2894823812
0.464 0.3006528135 0.2541051278 0.3055783496
0.4645 0.3157260613 0.2688580109 0.3213838126
0.465 0.3304472504 0.2836345999 0.3368405759
0.4655 0.344778868 0.2983988552 0.3518944424
0.466 0.3586885732 0.3131146313 0.3664957347
0.4665 0.3721490614 0.3277457533 0.3805997445
0.467 0.3851378363 0.3422560941 0.394167098
0.4675 0.3976369086 0.3566096506 0.4071640316
0.468 0.4096324413 0.3707706207 0.4195625715
0.4685 0.4211143582 0.3847034794 0.4313406146
0.469 0.4320759338 0.3983730544 0.4424819123
0.4695 0.4425133759 0.4117446016 0.452975959
0.47 0.4524254148 0.4247838789 0.4628177889
0.4705 0.4618129059 0.4374572199 0.4720076904
0.471 0.4706784539 0.4497316061 0.480550844
0.4715 0.4790260617 0.4615747373 0.4884568955
0.472 0.4868608079 0.4729551017 0.4957394732
0.4725 0.4941885528 0.4838420433 0.5024156614
0.473 0.5010156734 0.4942058282 0.5085054415
0.4735 0.5073488272 0.504017709 0.5140311097
0.474 0.5131947414 0.5132499867 0.519016685
0.4745 0.5185600272 0.521876071 0.5234873128
0.475 0.5234510159 0.5298705382 0.5274686772
0.4755 0.5278736147 0.5372091863 0.5309864262
0.476 0.5318331795 0.5438690881 0.5340656171
0.4765 0.5353344028 0.5498286414 0.536730189
0.477 0.5383812135 0.5550676166 0.539002464
0.4775 0.5409766872 0.5595672009 0.5409026819
0.478 0.5431229648 0.5633100406 0.5424485708
0.4785 0.5448211769 0.5662802791 0.5436549542
0.479 0.5460713736 0.5684635931 0.5445333972
0.4795 0.5468724569 0.5698472242 0.5450918916
0.48 0.547222115 0.5704200086 0.5453345804
0.4805 0.5471167577 0.5701724024 0.5452615242
0.481 0.5465514512 0.569096504 0.5448685087
0.4815 0.5455198516 0.5671860729 0.5441468955
0.482 0.5440141378 0.5644365454 0.5430835182
0.4825 0.5420249413 0.560845046 0.5416606264
0.483 0.5395412746 0.5564103961 0.5398558801
0.4835 0.5365504583 0.5511331185 0.5376423986
0.484 0.5330380461 0.5450154387 0.5349888685
0.4845 0.5289877501 0.5380612822 0.531859715
0.485 0.5243813677 0.5302762691 0.5282153412
0.4855 0.5191987124 0.5216677038 0.5240124421
0.486 0.5134175505 0.5122445624 0.5192043958
0.4865 0.50701355 0.5020174758 0.513741738
0.487 0.4999602447 0.4909987096 0.5075727229
0.4875 0.4922290221 0.4792021406 0.5006439719
0.488 0.4837891428 0.4666432296 0.4929012113
0.4885 0.4746078027 0.4533389912 0.484290097
0.489 0.4646502507 0.4393079602 0.4747571218
0.4895 0.4538799781 0.4245701547 0.4642505977
0.49 0.4422589988 0.409147036 0.4527217033
0.4905 0.4297482417 0.3930614658 0.4401255819
0.491 0.4163080799 0.3763376599 0.426422473
0.4915 0.401899024 0.3590011399 0.4115788551
0.492 0.3864826068 0.3410786807 0.3955685772
0.4925 0.3700224858 0.3225982571 0.3783739505
0.493 0.3524857868 0.3035889863 0.3599867715
0.4935 0.3338447002 0.2840810693 0.3404092452
0.494 0.3140783323 0.2641057286 0.3196547786
0.4945 0.2931747863 0.2436951453 0.2977486124
0.495 0.2711334252 0.2228823928 0.2747282639
0.4955 0.2479672264 0.2017013692 0.2506437555
0.496 0.2237051019 0.1801867284 0.2255576083
0.4965 0.1983940103 0.1583738086 0.1995445862
0.497 0.172100655 0.1362985603 0.1726911828
0.4975 0.1449125377 0.1139974721 0.145094851
0.498 0.1169381411 0.09150749623 0.116862982
0.4985 0.08830605404 0.0688659727 0.08811165207
0.499 0.05916292262 0.04611055241 0.05896415909
0.4995 0.02967022567 0.02327911992 0.02954938184
0.5 2.514793698e-15 0.0004097156816 2.775984427e-15
0.5005 -0.02967022567 -0.02245954216 -0.02954938184
0.501 -0.05916292262 -0.04529053608 -0.05896415909
0.5015 -0.08830605404 -0.06804522748 -0.08811165207
0.502 -0.1169381411 -0.09068573484 -0.116862982
0.5025 -0.1449125377 -0.1131744115 -0.145094851
0.503 -0.172100655 -0.1354739231 -0.1726911828
0.5035 -0.1983940103 -0.1575473239 -0.1995445862
0.504 -0.2237051019 -0.1793581332 -0.2255576083
0.5045 -0.2479672264 -0.2008704096 -0.2506437555
0.505 -0.2711334252 -0.2220488248 -0.2747282639
0.5055 -0.2931747863 -0.2428587363 -0.2977486124
0.506 -0.3140783323 -0.2632662583 -0.3196547786
0.5065 -0.3338447002 -0.2832383305 -0.3404092452
0.507 -0.3524857868 -0.3027427864 -0.3599867715
0.5075 -0.3700224858 -0.3217484186 -0.3783739505
0.508 -0.3864826068 -0.3402250425 -0.3955685772
0.5085 -0.401899024 -0.3581435578 -0.4115788551
0.509 -0.4163080799 -0.3754760079 -0.426422473
0.5095 -0.4297482417 -0.3921956362 -0.4401255819
0.51 -0.4422589988 -0.408276941 -0.4527217033
0.5105 -0.4538799781 -0.4236957263 -0.4642505977
0.511 -0.4646502507 -0.4384291514 -0.4747571218
0.5115 -0.4746078027 -0.4524557762 -0.484290097
0.512 -0.4837891428 -0.4657556045 -0.4929012113
0.5125 -0.4922290221 -0.4783101239 -0.5006439719
0.513 -0.4999602447 -0.4901023424 -0.5075727229
0.5135 -0.50701355 -0.5011168223 -0.513741738
0.514 -0.5134175505 -0.5113397102 -0.5192043958
0.5145 -0.5191987124 -0.520758764 -0.5240124421
0.515 -0.5243813677 -0.5293633764 -0.5282153412
0.5155 -0.5289877501 -0.5371445952 -0.531859715
0.516 -0.5330380461 -0.5440951397 -0.5349888685
0.5165 -0.5365504583 -0.5502094137 -0.5376423986
0.517 -0.5395412746 -0.5554835151 -0.5398558801
0.5175 -0.5420249413 -0.559915242 -0.5416606264
0.518 -0.5440141378 -0.5635040948 -0.5430835182
0.5185 -0.5455198516 -0.5662512749 -0.5441468955
0.519 -0.5465514512 -0.5681596804 -0.5448685087
0.5195 -0.5471167577 -0.5692338972 -0.5452615242
0.52 -0.547222115 -0.5694801872 -0.5453345804
0.5205 -0.5468724569 -0.5689064731 -0.5450918916
0.521 -0.5460713736 -0.5675223192 -0.5445333972
0.5215 -0.5448211769 -0.5653389092 -0.5436549542
0.522 -0.5431229648 -0.5623690203 -0.5424485708
0.5225 -0.5409766872 -0.5586269941 -0.5409026819
0.523 -0.5383812135 -0.5541287044 -0.539002464
0.5235 -0.5353344028 -0.5488915216 -0.536730189
0.524 -0.5318331795 -0.5429342738 -0.5340656171
0.5245 -0.5278736147 -0.5362772052 -0.5309864262
0.525 -0.5234510159 -0.5289419316 -0.5274686772
0.5255 -0.5185600272 -0.5209513924 -0.5234873128
0.526 -0.5131947414 -0.5123298009 -0.519016685
0.5265 -0.5073488272 -0.503102591 -0.5140311097
0.527 -0.5010156734 -0.4932963618 -0.5085054415
0.5275 -0.4941885528 -0.4829388199 -0.5024156614
0.528 -0.4868608079 -0.4720587194 -0.4957394732
0.5285 -0.4790260617 -0.460685799 -0.4884568955
0.529 -0.4706784539 -0.4488507187 -0.480550844
0.5295 -0.4618129059 -0.4365849929 -0.4720076904
0.53 -0.4524254148 -0.4239209226 -0.4628177889
0.5305 -0.4425133759 -0.4108915264 -0.452975959
0.531 -0.4320759338 -0.397530469 -0.4424819123
0.5315 -0.4211143582 -0.3838719895 -0.4313406146
0.532 -0.4096324413 -0.3699508278 -0.4195625715
0.5325 -0.3976369086 -0.3558021503 -0.4071640316
0.533 -0.3851378363 -0.341461475 -0.394167098
0.5335 -0.3721490614 -0.3269645956 -0.3805997445
0.534 -0.3586885732 -0.3123475052 -0.3664957347
0.5345 -0.344778868 -0.2976463199 -0.3518944424
0.535 -0.3304472504 -0.2828972021 -0.3368405759
0.5355 -0.3157260613 -0.2681362834 -0.3213838126
0.536 -0.3006528135 -0.2533995886 -0.3055783496
0.5365 -0.2852702176 -0.2387229587 -0.2894823812
0.537 -0.2696260831 -0.2241419761 -0.2731575146
0.5375 -0.2537730828 -0.2096918887 -0.2566681366
0.538 -0.2377683774 -0.1954075359 -0.2400807471
0.5385 -0.2216731006 -0.1813232756 -0.223463273
0.539 -0.2055517158 -0.1674729114 -0.2068843791
0.5395 -0.1894712621 -0.1538896221 -0.1904127905
0.54 -0.1735005131 -0.1406058922 -0.174116641
0.5405 -0.1577090811 -0.1276534436 -0.1580628592
0.541 -0.1421665007 -0.1150631701 -0.1423166064
0.5415 -0.1269413268 -0.1028650722 -0.1269407724
0.542 -0.1121002835 -0.09108819554 -0.1119955392
0.5425 -0.0977074945 -0.07976057012 -0.09753801637
0.543 -0.08382381918 -0.06890915258 -0.0836219501
0.5435 -0.07050631522 -0.05855977053 -0.07029750844
0.544 -0.05780783578 -0.04873706939 -0.05761113907
0.5445 -0.04577676493 -0.0394644619 -0.04560549689
0.545 -0.03445688616 -0.03076408027 -0.03431943602
0.5455 -0.0238873729 -0.02265673115 -0.02378805923
0.546 -0.01410288556 -0.01516185348 -0.01404281697
0.5465 -0.005133756191 -0.008297479357 -0.005111647317
0.547 0.002993759655 -0.002080197904 0.002980852557
0.5475 0.01025718458 0.003474877686 0.01021323287
0.548 0.01663749447 0.008354139934 0.01656698511
0.5485 0.02211878547 0.01254551358 0.0220263325
0.549 0.02668794934 0.01603847882 0.02657802583
0.5495 0.03033437101 0.0188240911 0.03021115254
0.55 0.03304966034 0.02089499764 0.03291696629
0.5505 0.03482742736 0.02224545046 0.03468874325
0.551 0.03566310846 0.02287131593 0.03552167018
0.5515 0.0355538488 0.02277008096 0.03541276832
0.552 0.03449844483 0.02194085561 0.03436085591
0.5525 0.03249734878 0.02038437233 0.03236655091
0.553 0.02955273565 0.01810298165 0.02943231414
0.5535 0.02566863165 0.01510064449 0.02556253196
0.554 0.02085110127 0.011382921 0.02076363623
0.5545 0.0151084883 0.00695695602 0.01504425805
0.555 0.008451704126 0.001831461162 0.008415410645
0.5555 0.0008945542421 -0.003983306388 0.0008906955196
0.556 -0.007545908664 -0.01047556838 -0.007513474915
0.5565 -0.01684901929 -0.01763205319 -0.01677764616
0.557 -0.026990139 -0.02543802666 -0.02687909053
0.5575 -0.03794031936 -0.03387732603 -0.03779158533
0.558 -0.04966601134 -0.04293239683 -0.04948521028
0.5585 -0.06212884309 -0.05258433273 -0.06192617387
0.559 -0.07528548905 -0.06281291816 -0.07507667873
0.5595 -0.08908765197 -0.07359667369 -0.08889483551
0.56 -0.1034821762 -0.08491290402 -0.1033346341
0.5605 -0.1184113059 -0.0967377485 -0.1183459801
0.561 -0.1338130949 -0.109046234 -0.1338748032
0.5615 -0.1496219676 -0.1218123302 -0.1498632426
0.562 -0.1657694205 -0.1350090069 -0.1662499116
0.5625 -0.1821848454 -0.1486082932 -0.182970244
0.563 -0.198796447 -0.1625813391 -0.1999569193
0.5635 -0.2155322211 -0.1768984787 -0.2171403635
0.564 -0.2323209535 -0.1915292942 -0.2344493203
0.5645 -0.2490932006 -0.2064426828 -0.2518114816
0.565 -0.2657822119 -0.2216069238 -0.2691541696
0.5655 -0.28232476 -0.2369897477 -0.2864050556
0.566 -0.2986618487 -0.2525584054 -0.3034929015
0.5665 -0.3147392809 -0.2682797393 -0.3203483091
0.567 -0.3305080731 -0.2841202545 -0.3369044613
0.5675 -0.345924715 -0.3000461911 -0.3530978374
0.568 -0.3609512803 -0.3160235958 -0.3688688874
0.5685 -0.3755553993 -0.3320183955 -0.3841626512
0.569 -0.3897101126 -0.3479964696 -0.3989293066
0.5695 -0.4033936239 -0.3639237226 -0.4131246369
0.57 -0.4165889743 -0.3797661569 -0.4267104065
0.5705 -0.4292836606 -0.395489945 -0.4396546392
0.571 -0.441469215 -0.4110615009 -0.4519317925
0.5715 -0.4531407664 -0.4264475515 -0.4635228293
0.572 -0.464296598 -0.4416152061 -0.4744151855
0.5725 -0.4749377124 -0.4565320264 -0.4846026383
0.573 -0.4850674153 -0.471166094 -0.4940850818
0.5735 -0.4946909242 -0.4854860776 -0.5028682163
0.574 -0.503815006 -0.4994612981 -0.5109631628
0.5745 -0.5124476474 -0.5130617927 -0.5183860129
0.575 -0.5205977582 -0.526258377 -0.5251573249
0.5755 -0.5282749076 -0.5390227056 -0.5313015808
0.576 -0.5354890926 -0.5513273302 -0.5368466131
0.5765 -0.5422505356 -0.5631457565 -0.541823016
0.577 -0.5485695105 -0.5744524977 -0.5462635505
0.5775 -0.5544561937 -0.5852231275 -0.5502025537
0.578 -0.5599205375 -0.5954343284 -0.5536753619
0.5785 -0.5649721636 -0.60506394 -0.5567177541
0.579 -0.5696202742 -0.6140910023 -0.5593654236
0.5795 -0.573873578 -0.6224957986 -0.5616534807
0.58 -0.5777402296 -0.6302598935 -0.5636159925
0.5805 -0.581227779 -0.6373661698 -0.5652855595
0.581 -0.5843431314 -0.6437988612 -0.566692933
0.5815 -0.5870925135 -0.6495435831 -0.567866671
0.582 -0.5894814468 -0.6545873593 -0.5688328341
0.5825 -0.5915147252 -0.6589186466 -0.5696147192
0.583 -0.5931963968 -0.6625273553 -0.5702326298
0.5835 -0.594529749 -0.6654048673 -0.570703681
0.584 -0.595517295 -0.6675440508 -0.571041638
0.5845 -0.5961607625 -0.6689392713 -0.5712567844
0.585 -0.5964610837 -0.6695864001 -0.5713558215
0.5855 -0.5964183849 -0.6694828188 -0.5713417943
0.586 -0.5960319779 -0.6686274212 -0.5712140461
0.5865 -0.5953003501 -0.6670206114 -0.5709681988
0.587 -0.594221156 -0.664664299 -0.5705961603
0.5875 -0.5927912078 -0.661561891 -0.5700861598
0.588 -0.5910064665 -0.6577182804 -0.5694228103
0.5885 -0.5888620334 -0.6531398314 -0.568587202
0.589 -0.5863521423 -0.6478343624 -0.567557027
0.5895 -0.5834701526 -0.6418111248 -0.566306737
0.59 -0.5802085446 -0.6350807793 -0.5648077385
0.5905 -0.5765589164 -0.6276553692 -0.563028625
0.591 -0.5725119856 -0.6195482911 -0.5609354505
0.5915 -0.5680575941 -0.6107742619 -0.5584920449
0.592 -0.5631847197 -0.6013492838 -0.5556603733
0.5925 -0.5578814956 -0.5912906067 -0.5524009393
0.593 -0.5521352384 -0.5806166874 -0.548673233
0.5935 -0.5459324891 -0.5693471468 -0.5444362209
0.594 -0.5392590676 -0.5575027247 -0.5396488764
0.5945 -0.5321001452 -0.5451052317 -0.5342707468
0.595 -0.5244403382 -0.5321775003 -0.5282625508
0.5955 -0.5162638251 -0.5187433322 -0.5215868001
0.596 -0.5075544935 -0.5048274452 -0.5142084367
0.5965 -0.4982961198 -0.4904554174 -0.5060954765
0.597 -0.4884725863 -0.4756536298 -0.4972196468
0.5975 -0.4780681406 -0.460449208 -0.4875570074
0.598 -0.4670677023 -0.4448699615 -0.4770885411
0.5985 -0.455457219 -0.4289443225 -0.4658007002
0.599 -0.4432240758 -0.4127012832 -0.4536858966
0.5995 -0.4303575601 -0.3961703324 -0.4407429215
0.6 -0.4168493787 -0.3793813907 -0.4269772825
0.6005 -0.402694226 -0.3623647455 -0.4124014475
0.601 -0.387890394 -0.3451509852 -0.3970349869
0.6015 -0.3724404138 -0.3277709331 -0.3809046053
0.602 -0.3563517112 -0.3102555811 -0.3640440601
0.6025 -0.3396372547 -0.2926360227 -0.3464939639
0.603 -0.3223161679 -0.2749433869 -0.3283014733
0.6035 -0.3044142739 -0.2572087718 -0.3095198666
0.604 -0.2859645352 -0.2394631783 -0.2902080194
0.6045 -0.2670073512 -0.2217374447 -0.2704297876
0.605 -0.2475906747 -0.2040621816 -0.2502533089
0.6055 -0.2277699143 -0.1864677079 -0.2297502407
0.606 -0.2076075979 -0.1689839875 -0.208994947
0.6065 -0.1871727823 -0.1516405664 -0.188063655
0.607 -0.1665402097 -0.1344665125 -0.1670335977
0.6075 -0.1457892305 -0.1174903548 -0.1459821612
0.608 -0.1250025253 -0.1007400258 -0.1249860542
0.6085 -0.1042646789 -0.08424280399 -0.1041205163
0.609 -0.08366066891 -0.06802525907 -0.08345857923
0.6095 -0.06327433915 -0.05211319836 -0.06307039527
0.61 -0.04318693109 -0.03653161533 -0.04302264184
0.6105 -0.02347573909 -0.02130464014 -0.02337801163
0.611 -0.004212946399 -0.006455492222 -0.004194793122
0.6115 0.01453531637 0.007993564859 0.01447345521
0.612 0.03270966556 0.02202126623 0.03257813684
0.6125 0.05025790427 0.03560738619 0.0500757571
0.613 0.0671352158 0.04873277612 0.06692797497
0.6135 0.08330413236 0.06137939996 0.08310157291
0.614 0.09873430987 0.07353036692 0.09856835171
0.6145 0.1134021454 0.0851699616 0.1133049592
0.615 0.1272902758 0.09628367127 0.1272926622
0.6155 0.1403869952 0.1068582104 0.1405170711
0.616 0.1526856258 0.1168815425 0.1529678274
0.6165 0.1641838722 0.1263428983 0.1646382651
0.617 0.1748831832 0.1352327926 0.1755250531
0.6175 0.1847881409 0.1435430361 0.1856278302
0.618 0.1939058897 0.1512667459 0.1949488403
0.6185 0.2022456164 0.1583983525 0.2034925736
0.619 0.2098180851 0.1649336035 0.211265424
0.6195 0.2166352292 0.1708695645 0.2182753639
0.62 0.2227098016 0.1762046173 0.2245316456
0.6205 0.2280550799 0.1809384549 0.2300445298
0.621 0.2326846246 0.1850720733 0.2348250451
0.6215 0.2366120854 0.1886077609 0.2388847812
0.622 0.2398510524 0.1915490847 0.2422357156
0.6225 0.2424149483 0.1939008736 0.2448900755
0.623 0.2443169563 0.1956691991 0.2468602332
0.6235 0.2455699812 0.1968613532 0.2481586359
0.624 0.2461866393 0.1974858237 0.2487977657
0.6245 0.2461792741 0.1975522665 0.2487901317
0.625 0.2455599958 0.1970714757 0.2481482873
0.6255 0.2443407396 0.1960553514 0.2468848743
0.626 0.2425333437 0.1945168645 0.2450126872
0.6265 0.2401496414 0.19247002 0.2425447569
0.627 0.237201568 0.1899298172 0.2394944484
0.6275 0.2337012783 0.1869122087 0.2358755706
0.628 0.229661274 0.1834340565 0.2317024932
0.6285 0.2250945377 0.1795130871 0.2269902669
0.629 0.2200146721 0.175167844 0.221754744
0.6295 0.2144360415 0.1704176392 0.216012695
0.63 0.2083739119 0.1652825023 0.2097819178
0.6305 0.2018445883 0.1597831294 0.2030813366
0.631 0.1948655451 0.1539408295 0.195931086
0.6315 0.1874555452 0.1477774703 0.1883525796
0.632 0.1796347466 0.1413154229 0.1803685593
0.6325 0.1714247896 0.1345775054 0.172003123
0.633 0.1628488642 0.127586926 0.163281731
0.6335 0.1539317518 0.1203672251 0.1542311877
0.634 0.1446998393 0.1129422172 0.1448796012
0.6345 0.1351811022 0.1053359324 0.135256317
0.635 0.125405056 0.09757255697 0.1253918309
0.6355 0.1154026737 0.08967637512 0.1153176783
0.636 0.1052062689 0.08167170959 0.1050663044
0.6365 0.09484934774 0.07358286305 0.0946709162
0.637 0.08436642872 0.06543405963 0.08416531878
0.6375 0.07379283635 0.05724938691 0.07358373973
0.638 0.06316447121 0.04905273849 0.06296064383
0.6385 0.05251756242 0.04086775728 0.05233054196
0.639 0.04188840827 0.03271777965 0.0417277975
0.6395 0.03131311137 0.0246257805 0.03118643349
0.64 0.02082731507 0.01661431949 0.02073994416
0.6405 0.01046594744 0.008705488461 0.01042111359
0.641 0.0002629791271 0.0009208602152 0.0002618446955
0.6415 -0.009748799666 -0.006718561267 -0.009706999212
0.642 -0.01953797831 -0.014192389 -0.01945573791
0.6425 -0.02907469759 -0.02148089952 -0.02895600128
0.643 -0.03833079171 -0.02856507757 -0.03818083841
0.6435 -0.0472798993 -0.03542665893 -0.04710480816
0.644 -0.0558975431 -0.04204817128 -0.05570405074
0.6445 -0.06416117938 -0.04841297292 -0.06395634046
0.645 -0.07205021864 -0.05450528934 -0.07184112027
0.6455 -0.07954602027 -0.06031024762 -0.07933951889
0.646 -0.08663186412 -0.06581390835 -0.08643435201
0.6465 -0.09329290239 -0.07100329532 -0.09311010891
0.647 -0.09951609559 -0.07586642262 -0.0993529265
0.6475 -0.1052901362 -0.08039231929 -0.1051505526
0.648 -0.1106053637 -0.08457105136 -0.1104923009
0.6485 -0.1154536742 -0.08839374132 -0.1153689988
0.649 -0.1198284284 -0.09185258481 -0.1197729317
0.6495 -0.12372436 -0.0949408648 -0.1236977847
0.65 -0.1271374879 -0.09765296285 -0.1271385838
0.6505 -0.1300650332 -0.09998436775 -0.1300916389
0.651 -0.1325053443 -0.1019316814 -0.1325544898
0.6515 -0.1344578298 -0.1034926217 -0.134525857
0.652 -0.1359229017 -0.1046660231 -0.1360055975
0.6525 -0.1369019289 -0.1054518339 -0.136994668
0.653 -0.1373972009 -0.1058511114 -0.1374950947
0.6535 -0.1374119033 -0.1058660132 -0.1375099509
0.654 -0.1369501036 -0.1054997872 -0.1370433419
0.6545 -0.1360167476 -0.1047567581 -0.1361003977
0.655 -0.1346176654 -0.1036423109 -0.134687272
0.6555 -0.1327595867 -0.102162873 -0.132811148
0.656 -0.1304501638 -0.1003258924 -0.1304802491
0.6565 -0.1276980014 -0.09813981408 -0.1277038535
0.657 -0.124512692 -0.09561405424 -0.1244923123
0.6575 -0.1209048542 -0.09275897139 -0.1208570684
0.658 -0.1168861742 -0.08958583565 -0.1168106753
0.6585 -0.1124694461 -0.0861067957 -0.1123668152
0.659 -0.1076686112 -0.08233484354 -0.1075403124
0.6595 -0.1024987928 -0.07828377727 -0.1023471432
0.66 -0.09697632525 -0.07396816178 -0.09680443903
0.6605 -0.09111877433 -0.06940328772 -0.09093048168
0.661 -0.08494494765 -0.06460512859 -0.08474469051
0.6615 -0.07847489295 -0.05959029619 -0.07826759919
0.662 -0.0717298824 -0.05437599457 -0.07152082209
0.6625 -0.06473238183 -0.04897997245 -0.06452700941
0.663 -0.05750600363 -0.04342047439 -0.0573097908
0.6635 -0.05007544284 -0.0377161907 -0.0498937076
0.664 -0.04246639622 -0.0318862063 -0.04230413369
0.6645 -0.03470546463 -0.02594994863 -0.03456718582
0.665 -0.02682003974 -0.01992713465 -0.026709624
0.6655 -0.0188381764 -0.01383771725 -0.01875874318
0.666 -0.01078845261 -0.007701831 -0.01074225747
0.6665 -0.002699819488 -0.001539737476 -0.002688178427
0.667 0.005398556039 0.004628229692 0.005375310911
0.6675 0.01347745279 0.01078171998 0.01341998445
0.668 0.02150775797 0.01690042117 0.02141770213
0.6685 0.02946062766 0.02296411443 0.02934053771
0.669 0.03730764202 0.0289527292 0.03716090355
0.6695 0.04502095225 0.0348463977 0.04485167049
0.67 0.05257341678 0.04062550897 0.0523862813
0.6705 0.05993872429 0.04627076224 0.05973885626
0.671 0.06709150188 0.05176321961 0.06688428954
0.6715 0.07400740724 0.05708435777 0.07379833546
0.672 0.0806632039 0.06221611882 0.08045768388
0.6725 0.08703681952 0.06714095985 0.08684002419
0.673 0.09310738741 0.07184190132 0.09292409784
0.6735 0.0988552722 0.0763025741 0.09868973939
0.674 0.1042620806 0.08050726495 0.1041179066
0.6745 0.1093106591 0.08444096048 0.1091907001
0.675 0.1139850798 0.08808938935 0.1138913734
0.6755 0.1182706168 0.09143906269 0.118204335
0.676 0.1221537155 0.09447731261 0.1221151426
0.6765 0.1256219553 0.09719232869 0.1256104919
0.677 0.1286640108 0.0995731924 0.1286782017
0.6775 0.1312696096 0.1016099093 0.1313071951
0.678 0.1334294928 0.1032934392 0.1334874809
0.6785 0.1351353768 0.1046157234 0.1352101341
0.679 0.1363799198 0.1055697103 0.1364672798
0.6795 0.1371566943 0.1061493781 0.1372520787
0.68 0.1374601661 0.1063497547 0.1375587188
0.6805 0.1372856824 0.106166936 0.1373824112
0.681 0.1366294688 0.1055981003 0.1367193934
0.6815 0.1354886362 0.1046415209 0.135566939
0.682 0.1338611988 0.1032965761 0.1339233757
0.6825 0.131746102 0.1015637555 0.1317881094
0.683 0.1291432628 0.09944466466 0.1291616576
0.6835 0.1260536189 0.09694202647 0.1260456881
0.684 0.1224791899 0.09405967965 0.1224430655
0.6845 0.1184231467 0.09080257475 0.1183579015
0.685 0.1138898893 0.08717676722 0.1137956107
0.6855 0.1088851317 0.08318940778 0.108762968
0.686 0.1034159911 0.07884873002 0.1032681676
0.6865 0.09749108004 0.07416403533 0.09732088065
0.687 0.09112059824 0.06914567507 0.09093230992
0.6875 0.08431642145 0.06380503018 0.0841152399
0.688 0.07709218397 0.05815448808 0.07688407931
0.6885 0.06946335131 0.05220741714 0.06925489443
0.689 0.06144727934 0.04597813853 0.06124543109
0.6895 0.05306325619 0.03948189574 0.05287512338
0.69 0.04433252343 0.03273482159 0.04416508731
0.6905 0.03527827295 0.02575390311 0.03513809799
0.691 0.02592561703 0.01855694403 0.02581854911
0.6915 0.01630152889 0.01116252531 0.01623239396
0.692 0.006434752672 0.003589963419 0.006407067498
0.6925 -0.003644317971 -0.004140733135 -0.003628610411
0.693 -0.01390379205 -0.01200890929 -0.01384455023
0.6935 -0.02431046249 -0.01999331057 -0.02420952539
0.694 -0.03483001369 -0.02807213192 -0.03469132099
0.6945 -0.04542725142 -0.03622306809 -0.04525689666
0.695 -0.05606635032 -0.04442336533 -0.05587256133
0.6955 -0.06671111304 -0.05264987454 -0.0665041573
0.696 -0.07732523507 -0.06087910549 -0.07711725049
0.6965 -0.08787256844 -0.06908728214 -0.08767732393
0.697 -0.09831737786 -0.07725039884 -0.09814997089
0.6975 -0.108624583 -0.08534427738 -0.1085010844
0.698 -0.118759981 -0.09334462471 -0.1186970398
0.6985 -0.1286904449 -0.1012270911 -0.1287048666
0.699 -0.1383840929 -0.1089673288 -0.1384924071
0.6995 -0.1478104267 -0.1165410509 -0.1480284591
0.7 -0.1569404365 -0.1239240904 -0.157282899
0.7005 -0.1657466724 -0.131092459 -0.166226785
0.701 -0.1742032827 -0.1380224061 -0.1748324377
0.7015 -0.1822860193 -0.1446904773 -0.1830734971
0.702 -0.1899722147 -0.1510735724 -0.1909249563
0.7025 -0.1972407312 -0.1571490032 -0.1983631712
0.703 -0.2040718867 -0.1628945499 -0.205365847
0.7035 -0.2104473602 -0.1682885174 -0.2119120027
0.704 -0.2163500811 -0.1733097903 -0.2179819156
0.7045 -0.2217641056 -0.1779378866 -0.2235570473
0.705 -0.2266744835 -0.1821530109 -0.2286199537
0.7055 -0.2310671204 -0.1859361048 -0.2331541831
0.706 -0.2349286358 -0.1892688978 -0.2371441634
0.7065 -0.2382462226 -0.1921339548 -0.2405750845
0.707 -0.2410075095 -0.1945147229 -0.2434327771
0.7075 -0.2432004284 -0.1963955759 -0.2457035927
0.708 -0.2448130908 -0.1977618576 -0.2473742894
0.7085 -0.2458336727 -0.1985999218 -0.2484319253
0.709 -0.2462503133 -0.1988971711 -0.2488637654
0.7095 -0.2460510268 -0.1986420934 -0.2486572035
0.71 -0.2452236308 -0.1978242959 -0.2477997044
0.7105 -0.2437556942 -0.1964345363 -0.2462787691
0.711 -0.241634505 -0.1944647521 -0.2440819243
0.7115 -0.2388470631 -0.1919080872 -0.2411967423
0.712 -0.2353800996 -0.1887589154 -0.2376108893
0.7125 -0.2312201265 -0.1850128619 -0.2333122084
0.713 -0.2263535196 -0.1806668215 -0.2282888341
0.7135 -0.2207666404 -0.1757189741 -0.2225293428
0.714 -0.214445999 -0.1701687975 -0.2160229371
0.7145 -0.2073784631 -0.1640170772 -0.2087596645
0.715 -0.1995515177 -0.1572659131 -0.2007306674
0.7155 -0.1909535773 -0.1499187237 -0.1919284651
0.716 -0.1815743556 -0.1419802466 -0.1823472613
0.7165 -0.171405292 -0.133456537 -0.1719832753
0.717 -0.1604400357 -0.1243549623 -0.1608350916
0.7175 -0.1486749836 -0.1146841939 -0.1489040203
0.718 -0.1361098652 -0.1044541966 -0.136194464
0.7185 -0.1227483651 -0.09367621453 -0.1227142805
0.719 -0.1085987656 -0.08236275382 -0.1084751354
0.7195 -0.09367459008 -0.07052756324 -0.09349283318
0.72 -0.07799522011 -0.05818561125 -0.07778761815
0.7205 -0.06158645507 -0.04535306044 -0.06138443542
0.721 -0.04448097808 -0.03204723921 -0.04431314105
0.7215 -0.02671869038 -0.01828661065 -0.02660865225
0.722 -0.008346875827 -0.004090738804 -0.008311028475
0.7225 0.01057983977 0.01051974772 0.01053452497
0.723 0.02999976237 0.02552319467 0.02987773758
0.7235 0.04984465413 0.04089696346 0.0496634438
0.724 0.07004051183 0.05661747497 0.06983184622
0.7245 0.09050858615 0.07266025549 0.09031887275
0.725 0.1111666113 0.08899998493 0.1110566267
0.7255 0.1319301981 0.1056105471 0.1319739258
0.726 0.1527143295 0.122465082 0.1529969242
0.7265 0.1734348903 0.1395360398 0.1740498077
0.727 0.1940101575 0.1567952367 0.1950555515
0.7275 0.2143621841 0.1742139128 0.2159367269
0.728 0.234418014 0.1917627904 0.2366163407
0.7285 0.2541106854 0.2094121351 0.2570186918
0.729 0.2733799907 0.2271318167 0.277070226
0.7295 0.2921729811 0.2448913728 0.2967003708
0.73 0.3104442222 0.2626600715 0.3158423339
0.7305 0.3281558161 0.280406977 0.3344338458
0.731 0.3452772209 0.2981010139 0.3524178323
0.7315 0.3617849017 0.3157110337 0.3697430022
0.732 0.3776618509 0.3332058807 0.3863643389
0.7325 0.3928970183 0.3505544586 0.4022434857
0.733 0.4074846824 0.3677257969 0.4173490198
0.7335 0.4214237975 0.3846891177 0.4316566115
0.734 0.4347173411 0.4014139022 0.445149067
0.7345 0.4473716805 0.4178699564 0.4578162592
0.735 0.459395976 0.4340274769 0.4696549514
0.7355 0.4708016294 0.4498571159 0.4806685206
0.736 0.4816017834 0.4653300455 0.4908665919
0.7365 0.491810876 0.4804180206 0.5002645935
0.737 0.5014442488 0.4950934419 0.5088832469
0.7375 0.5105178075 0.5093294161 0.5167480039
0.738 0.5190477317 0.5230998164 0.5238884442
0.7385 0.5270502302 0.5363793402 0.5303376481
0.739 0.5345413366 0.5491435661 0.5361315551
0.7395 0.5415367412 0.5613690086 0.5413083212
0.74 0.5480516547 0.5730331717 0.5459076865
0.7405 0.5541006988 0.5841145994 0.5499703599
0.741 0.5596978201 0.5945929249 0.5535374314
0.7415 0.5648562247 0.6044489177 0.5566498172
0.742 0.5695883274 0.6136645279 0.5593477417
0.7425 0.5739057164 0.6222229281 0.5616702617
0.743 0.5778191274 0.6301085533 0.5636548332
0.7435 0.5813384275 0.6373071378 0.5653369225
0.744 0.5844726062 0.6438057491 0.5667496623
0.7445 0.5872297709 0.6495928197 0.5679235495
0.745 0.5896171482 0.6546581759 0.5688861867
0.7455 0.5916410863 0.6589930627 0.5696620616
0.746 0.5933070616 0.6625901675 0.5702723654
0.7465 0.5946196852 0.6654436388 0.5707348459
0.747 0.5955827114 0.6675491035 0.5710636934
0.7475 0.5961990463 0.6689036798 0.5712694582
0.748 0.5964707568 0.6695059874 0.5713589968
0.7485 0.5963990795 0.669356155 0.5713354464
0.749 0.5959844303 0.6684558233 0.5711982263
0.7495 0.595226413 0.6668081463 0.5709430663
0.75 0.5941238293 0.6644177878 0.5705620614
0.7505 0.5926746883 0.6612909159 0.5700437549
0.751 0.5908762175 0.6574351935 0.569373249
0.7515 0.5887248745 0.6528597658 0.568532346
0.752 0.5862163605 0.6475752446 0.5674997214
0.7525 0.5833456371 0.6415936892 0.5662511297
0.753 0.5801069451 0.6349285845 0.5647596464
0.7535 0.5764938281 0.6275948155 0.5629959467
0.754 0.5724991622 0.6196086392 0.5609286228
0.7545 0.5681151906 0.6109876531 0.5585245407
0.755 0.5633335683 0.6017507608 0.5557492367
0.7555 0.5581454144 0.5919181353 0.5525673532
0.756 0.5525413782 0.5815111782 0.5489431114
0.7565 0.546511717 0.5705524774 0.5448408197
0.757 0.540046391 0.5590657619 0.5402254119
0.7575 0.5331351764 0.5470758533 0.5350630112
0.758 0.5257677985 0.5346086154 0.5293215129
0.7585 0.5179340893 0.521690902 0.5229711773
0.759 0.5096241708 0.508350501 0.515985224
0.7595 0.500828666 0.494616078 0.5083404163
0.76 0.4915389421 0.4805171166 0.5000176262
0.7605 0.4817473843 0.4660838573 0.4910023654
0.761 0.4714477039 0.4513472351 0.4812852727
0.7615 0.460635279 0.4363388145 0.4708625438
0.762 0.4493075267 0.4210907238 0.4597362932
0.7625 0.4374643035 0.4056355879 0.447914837
0.763 0.4251083289 0.3900064593 0.4354128871
0.7635 0.4122456233 0.3742367491 0.4222516506
0.764 0.3988859516 0.3583601559 0.4084588274
0.7645 0.3850432572 0.342410595 0.394068505
0.765 0.3707360712 0.3264221261 0.3791209484
0.7655 0.3559878784 0.3104288813 0.3636622892
0.766 0.3408274185 0.2944649923 0.3477441185
0.7665 0.3252889027 0.2785645175 0.331422991
0.767 0.309412122 0.2627613693 0.314759852
0.7675 0.2932424307 0.2470892415 0.2978193983
0.768 0.2768305866 0.2315815371 0.2806693886
0.7685 0.2602324403 0.2162712962 0.2633799173
0.769 0.2435084687 0.201191125 0.2460226693
0.7695 0.2267231587 0.1863731256 0.2286701713
0.77 0.209944256 0.1718488261 0.2113950562
0.7705 0.1932419004 0.1576491128 0.1942693548
0.771 0.1766876803 0.1438041626 0.1773638303
0.7715 0.1603536411 0.1303433777 0.1607473653
0.772 0.1443112888 0.1172953212 0.1444864145
0.7725 0.1286306278 0.1046876548 0.1286445276
0.773 0.1133792719 0.09254707802 0.1132819504
0.7735 0.09862165791 0.08089926949 0.09845530565
0.774 0.08441839033 0.06976883035 0.08421735515
0.7745 0.07082572959 0.05917922984 0.07061684018
0.775 0.05789523318 0.04915275321 0.05769839795
0.7755 0.04567354691 0.03971045202 0.04550254763
0.776 0.0342023371 0.03087209712 0.03406573914
0.7765 0.02351834847 0.02265613415 0.0234204565
0.777 0.01365356797 0.0150796419 0.01359536653
0.7775 0.00463547242 0.008158293466 0.004615503257
0.778 -0.003512663011 0.001906320421 -0.003497521997
0.7785 -0.01077141791 -0.003663520086 -0.01072529463
0.779 -0.01712486231 -0.008539975052 -0.01705236464
0.7795 -0.0225601936 -0.01271332221 -0.02246601734
0.78 -0.02706739087 -0.01617539338 -0.02695605546
0.7805 -0.03063889996 -0.01891959451 -0.03051459995
0.781 -0.03326936004 -0.02094092244 -0.03313591629
0.7815 -0.03495537992 -0.02223597823 -0.03481627152
0.782 -0.03569537015 -0.02280297708 -0.03555382636
0.7825 -0.0354894348 -0.02264175488 -0.03534856558
0.783 -0.03433932524 -0.02175377124 -0.03420226823
0.7835 -0.0322484565 -0.02014210905 -0.03211851844
0.784 -0.02922198505 -0.01781147061 -0.02910275603
0.7845 -0.02526694561 -0.01476817026 -0.02516236489
0.785 -0.02039244269 -0.01102012358 -0.02030679604
0.7855 -0.01460989069 -0.006576833133 -0.01454772084
0.786 -0.007933294767 -0.001449370764 -0.00789920899
0.7865 -0.0003795620583 0.004349643413 -0.0003779247225
0.787 0.00803116918 0.01080606543 0.007996666319
0.7875 0.01727519735 0.01790425513 0.0172020877
0.788 0.02732493934 0.0256271071 0.02721264922
0.7885 0.03814864542 0.03395608476 0.0379992597
0.789 0.04971016743 0.04287125759 0.04952926497
0.7895 0.06196880113 0.05235134132 0.06176632053
0.79 0.07487922274 0.06237374116 0.07467030815
0.7905 0.08839153745 0.07291459781 0.08819730473
0.791 0.1024514544 0.0839488363 0.1022996111
0.7915 0.1170005972 0.09545021744 0.1169258471
0.792 0.131976952 0.1073913919 0.1320211178
0.7925 0.1473154491 0.1197439566 0.1475272535
0.793 0.1629486637 0.1324785136 0.1633831256
0.7935 0.1788076168 0.145564731 0.179525035
0.794 0.1948226462 0.1589714064 0.1958871724
0.7945 0.2109243175 0.1726665313 0.212402142
0.795 0.2270443378 0.1866173584 0.2290015428
0.7955 0.2431164369 0.2007904701 0.2456165959
0.796 0.2590771824 0.2151518483 0.2621788061
0.7965 0.2748666996 0.229666946 0.2786206454
0.797 0.2904292733 0.2443007597 0.2948762429
0.7975 0.305713817 0.2590179035 0.3108820655
0.798 0.3206742017 0.2737826833 0.3265775754
0.7985 0.3352694447 0.2885591723 0.3419058486
0.799 0.3494637657 0.303311287 0.3568141398
0.7995 0.3632265228 0.3180028637 0.3712543821
0.8 0.3765320435 0.3325977349 0.385183609
0.8005 0.3893593703 0.3470598063 0.3985642909
0.801 0.4016919395 0.3613531332 0.411364579
0.8015 0.4135172124 0.3754419976 0.4235584521
0.802 0.424826276 0.3892909834 0.4351257654
0.8025 0.4356134289 0.402865053 0.4460522015
0.803 0.4458757648 0.4161296213 0.4563291282
0.8035 0.4556127655 0.42905063 0.4659533669
0.804 0.4648259102 0.4415946208 0.4749268803
0.8045 0.4735183072 0.4537288067 0.4832563877
0.805 0.4816943525 0.4654211428 0.4909529185
0.8055 0.4893594164 0.4766403949 0.4980313132
0.806 0.4965195595 0.4873562073 0.5045096855
0.8065 0.5031812772 0.4975391679 0.5104088536
0.807 0.5093512725 0.5071608718 0.5157517542
0.8075 0.5150362533 0.516193983 0.5205628477
0.808 0.5202427547 0.5246122939 0.5248675241
0.8085 0.5249769819 0.5323907819 0.5286915183
0.809 0.5292446714 0.5395056643 0.5320603417
0.8095 0.5330509701 0.54593445 0.5349987363
0.81 0.5364003264 0.5516559893 0.537530156
0.8105 0.5392963942 0.55665052 0.5396762786
0.811 0.5417419464 0.5608997111 0.5414565527
0.8115 0.5437387952 0.5643867038 0.54288778
0.812 0.5452877186 0.567096149 0.5439837354
0.8125 0.5463883914 0.5690142415 0.5447548257
0.813 0.5470393183 0.5701287513 0.5452077883
0.8135 0.5472377685 0.5704290519 0.5453454297
0.814 0.5469797113 0.5699061446 0.5451664045
0.8145 0.5462597502 0.5685526795 0.5446650381
0.815 0.5450710565 0.5663629735 0.5438311921
0.8155 0.5434053012 0.5633330246 0.542650176
0.816 0.5412525841 0.559460522 0.5411027074
0.8165 0.5386013621 0.554744854 0.5391649244
0.817 0.5354383751 0.549187111 0.536808454
0.8175 0.5317485711 0.5427900856 0.5340005397
0.818 0.5275150321 0.5355582691 0.530704236
0.8185 0.5227189016 0.5274978441 0.5268786715
0.819 0.5173393171 0.518616674 0.5224793878
0.8195 0.5113533508 0.5089242885 0.5174587587
0.82 0.504735962 0.4984318658 0.5117664929
0.8205 0.4974599692 0.4871522113 0.5053502237
0.821 0.4894960469 0.475099733 0.4981561878
0.8215 0.4808127581 0.4622904132 0.4901299923
0.822 0.4713766334 0.4487417772 0.4812174674
0.8225 0.4611523108 0.4344728584 0.4713655995
0.823 0.4501027529 0.4195041605 0.4605235371
0.8235 0.438189562 0.4038576165 0.4486436562
0.824 0.4253734155 0.387556545 0.4356826723
0.8245 0.4116146464 0.3706256023 0.4216027774
0.825 0.3968739975 0.3530907338 0.4063727825
0.8255 0.3811135759 0.3349791206 0.3899692389
0.826 0.3642980335 0.3163191246 0.3723775102
0.8265 0.3463959942 0.297140231 0.3535927654
0.827 0.3273817359 0.2774729883 0.3336208629
0.8275 0.3072371223 0.2573489456 0.3124790928
0.828 0.2859537518 0.2368005889 0.2901967489
0.8285 0.2635352626 0.2158612741 0.2668155028
0.829 0.239999692 0.1945651591 0.2423895557
0.8295 0.2153817489 0.1729471338 0.2169855508
0.83 0.1897348118 0.1510427486 0.1906822317
0.8305 0.1631324382 0.1288881415 0.1635698433
0.831 0.1356691523 0.1065199643 0.1357492765
0.8315 0.1074602925 0.08397530671 0.107330968
0.832 0.07864075357 0.06129162102 0.07843357306
0.8325 0.04936253992 0.03850664463 0.04918244002
0.833 0.01979117026 0.01565832273 0.01970791805
0.8335 -0.009898895703 -0.007215269644 -0.00985645967
0.834 -0.03952951 -0.03007600584 -0.03937587367
0.8345 -0.06892437695 -0.05288578595 -0.06871614853
0.835 -0.09791444858 -0.07560661505 -0.09774566687
0.8355 -0.1263427631 -0.09820068131 -0.1263372185
0.836 -0.154068392 -0.1206304336 -0.1543697384
0.8365 -0.18096928 -0.1428586586 -0.1817298927
0.837 -0.2069438963 -0.1648485573 -0.2083134745
0.8375 -0.2319117398 -0.1865638203 -0.2340265829
0.838 -0.2558128423 -0.2079687025 -0.2587865611
0.8385 -0.2786064744 -0.2290280964 -0.2825226819
0.839 -0.3002692848 -0.2497076039 -0.3051765746
0.8395 -0.3207930966 -0.2699736065 -0.3267023964
0.84 -0.3401825595 -0.2897933346 -0.3470667587
0.8405 -0.358452813 -0.3091349343 -0.3662484244
0.841 -0.375627277 -0.3279675319 -0.3842377993
0.8415 -0.3917356423 -0.3462612977 -0.401036243
0.842 -0.4068121042 -0.3639875061 -0.4166552291
0.8425 -0.4208938503 -0.3811185943 -0.4311153847
0.843 -0.4340197998 -0.3976282182 -0.4444454416
0.8435 -0.4462295762 -0.4134913056 -0.4566811276
0.844 -0.4575626894 -0.4286841072 -0.467864029
0.8445 -0.4680579005 -0.443184244 -0.4780404485
0.845 -0.4777527407 -0.4569707526 -0.4872602828
0.8455 -0.486683159 -0.4700241271 -0.4955759397
0.846 -0.4948832746 -0.4823263581 -0.5030413112
0.8465 -0.5023852135 -0.4938609681 -0.5097108145
0.847 -0.5092190107 -0.5046130442 -0.5156385125
0.8475 -0.5154125635 -0.5145692674 -0.5208773171
0.848 -0.5209916242 -0.5237179379 -0.5254782814
0.8485 -0.5259798204 -0.5320489983 -0.52948998
0.849 -0.530398697 -0.5395540517 -0.5329579778
0.8495 -0.534267772 -0.5462263776 -0.5359243835
0.85 -0.5376046016 -0.5520609438 -0.5384274841
0.8505 -0.5404248517 -0.5570544143 -0.5405014573
0.851 -0.5427423712 -0.5612051546 -0.5421761546
0.8515 -0.5445692675 -0.5645132324 -0.5434769522
0.852 -0.5459159801 -0.5669804154 -0.5444246628
0.8525 -0.546791354 -0.5686101654 -0.5450355058
0.853 -0.5472027103 -0.5694076285 -0.5453211294
0.8535 -0.5471559152 -0.569379622 -0.5452886836
0.854 -0.5466554476 -0.5685346182 -0.544940939
0.8545 -0.5457044643 -0.5668827237 -0.5442764507
0.855 -0.5443048652 -0.5644356564 -0.5432897646
0.8555 -0.5424573582 -0.5612067185 -0.5419716655
0.856 -0.5401615256 -0.5572107661 -0.5403094652
0.8565 -0.5374158919 -0.5524641759 -0.5382873305
0.857 -0.5342179959 -0.5469848085 -0.5358866507
0.8575 -0.5305644683 -0.5407919691 -0.5330864424
0.858 -0.5264511152 -0.5339063641 -0.5298637912
0.8585 -0.5218730112 -0.5263500558 -0.5261943282
0.859 -0.5168246036 -0.5181464141 -0.5220527391
0.8595 -0.5112998287 -0.5093200651 -0.5174133014
0.86 -0.5052922452 -0.4998968374 -0.5122504457
0.8605 -0.4987951839 -0.4899037058 -0.5065393361
0.861 -0.4918019189 -0.4793687329 -0.5002564618
0.8615 -0.4843058618 -0.4683210079 -0.4933802327
0.862 -0.47630078 -0.4567905841 -0.4858915693
0.8625 -0.467781043 -0.4448084134 -0.4777744784
0.863 -0.4587418966 -0.4324062802 -0.4690166028
0.8635 -0.4491797667 -0.4196167325 -0.4596097341
0.864 -0.4390925914 -0.4064730121 -0.4495502779
0.8645 -0.4284801808 -0.3930089835 -0.4388396607
0.865 -0.4173446005 -0.3792590606 -0.4274846669
0.8655 -0.4056905741 -0.365258134 -0.4154976985
0.866 -0.393525898 -0.3510414956 -0.4028969476
0.8665 -0.3808618568 -0.3366447638 -0.3897064772
0.867 -0.3677136296 -0.3221038072 -0.3759562052
0.8675 -0.3541006709 -0.3074546684 -0.3616817897
0.868 -0.3400470496 -0.2927334875 -0.346924418
0.8685 -0.3255817278 -0.2779764252 -0.3317304996
0.869 -0.3107387604 -0.2632195858 -0.3161512724
0.8695 -0.2955573958 -0.2484989415 -0.3002423271
0.87 -0.2800820619 -0.2338502555 -0.2840630635
0.8705 -0.2643622222 -0.2193090068 -0.2676760873
0.871 -0.2484520943 -0.2049103155 -0.2511465653
0.8715 -0.2324102269 -0.1906888686 -0.2345415495
0.872 -0.2162989412 -0.1766788471 -0.2179292893
0.8725 -0.2001836477 -0.1629138542 -0.2013785439
0.873 -0.1841320605 -0.1494268449 -0.1849579119
0.8735 -0.1682133341 -0.136250057 -0.1687351913
0.874 -0.1524971568 -0.1234149436 -0.1527767815
0.8745 -0.1370528348 -0.1109521078 -0.1371471392
0.875 -0.1219484042 -0.09889123864 -0.1219082969
0.8755 -0.1072498029 -0.08726104977 -0.1071194492
0.876 -0.09302013419 -0.07608921976 -0.09283661304
0.8765 -0.0793190436 -0.06540233496 -0.07911236223
0.877 -0.06620222513 -0.0552258347 -0.06599563694
0.8775 -0.05372106492 -0.04558395897 -0.0535316253
0.878 -0.04192242183 -0.03649969886 -0.04176171322
0.8785 -0.03084853808 -0.02799474959 -0.03072349623
0.879 -0.02053706725 -0.02008946643 -0.02045084646
0.8795 -0.0110212027 -0.01280282359 -0.01097402627
0.88 -0.00232988694 -0.006152376021 -0.002319839763
0.8805 0.005511918719 -0.000154224387 0.005488187341
0.881 0.01248292483 0.00517701688 0.01242960893
0.8815 0.01856518427 0.009828248258 0.01848685027
0.882 0.02374376031 0.01378791055 0.0236449993
0.8825 0.02800640789 0.01704600701 0.02789160601
0.883 0.03134328141 0.01959412201 0.03121649766
0.8835 0.03374668005 0.02142543642 0.03361161659
0.884 0.03521083927 0.02253473948 0.03507088655
0.8845 0.03573177517 0.02291843723 0.03559011239
0.885 0.03530718674 0.02257455751 0.03516691656
0.8855 0.03393641873 0.02150275145 0.03380071489
0.886 0.03162048712 0.01970429148 0.03149273286
0.8865 0.02836216674 0.01718206597 0.02824606204
0.887 0.02416613967 0.01394057032 0.02406575556
0.8875 0.01903920089 0.009985894687 0.01895895971
0.888 0.01299051592 0.005325708329 0.01293507805
0.8885 0.006031922995 -3.075942976e-05 0.006005962676
0.889 -0.001821730156 -0.006072741503 -0.001813873252
0.8895 -0.01055222738 -0.01278795861 -0.01050702917
0.89 -0.02013761824 -0.02016264805 -0.02005298493
0.8905 -0.0305518631 -0.02818159553 -0.03042787173
0.891 -0.04176450938 -0.03682817014 -0.04160425566
0.8915 -0.05374042108 -0.04608436224 -0.05355094358
0.892 -0.06643958452 -0.0559308242 -0.06623282145
0.8925 -0.07981701276 -0.06634691398 -0.07961073482
0.893 -0.09382276957 -0.07731074142 -0.09364142087
0.8935 -0.1084021298 -0.08879921703 -0.1082775006
0.894 -0.1234958876 -0.1007881033 -0.1234675385
0.8945 -0.1390408177 -0.1132520686 -0.1391561764
0.895 -0.1549702839 -0.1261647427 -0.1552843446
0.8955 -0.1712149843 -0.1394987751 -0.1717895543
0.896 -0.1877038095 -0.1532258951 -0.18860627
0.8965 -0.204364784 -0.1673169736 -0.2056663608
0.897 -0.2211260559 -0.1817420868 -0.2228996254
0.8975 -0.2379168944 -0.1964705811 -0.2402343839
0.898 -0.254668655 -0.2114711402 -0.2575981273
0.8985 -0.2713156748 -0.2267118529 -0.2749182128
0.899 -0.2877960648 -0.2421602817 -0.2921225919
0.8995 -0.3040523729 -0.2577835338 -0.3091405569
0.9 -0.3200321013 -0.2735483311 -0.3259034884
0.9005 -0.3356880697 -0.2894210822 -0.3423455904
0.901 -0.3509786239 -0.3053679548 -0.3584045933
0.9015 -0.3658676991 -0.3213549476 -0.3740224114
0.902 -0.3803247508 -0.3373479636 -0.3891457401
0.9025 -0.3943245724 -0.3533128823 -0.4037265782
0.903 -0.4078470193 -0.369215633 -0.4177226657
0.9035 -0.4208766628 -0.3850222667 -0.4310978275
0.904 -0.4334023926 -0.4006990285 -0.4438222176
0.9045 -0.445416989 -0.4162124289 -0.4558724594
0.905 -0.4569166815 -0.4315293144 -0.4672316819
0.9055 -0.4679007072 -0.4466169376 -0.4778894541
0.906 -0.4783708816 -0.4614430259 -0.4878416218
0.9065 -0.4883311898 -0.4759758492 -0.4970900526
0.907 -0.4977874045 -0.4901842864 -0.5056423001
0.9075 -0.506746734 -0.5040378903 -0.5135111952
0.908 -0.5152175042 -0.5175069507 -0.5207143764
0.9085 -0.5232088723 -0.5305625561 -0.527273772
0.909 -0.5307305745 -0.5431766539 -0.5332150456
0.9095 -0.5377927037 -0.5553221075 -0.5385670162
0.91 -0.5444055178 -0.5669727527 -0.5433610663
0.9105 -0.5505792735 -0.5781034504 -0.5476305474
0.911 -0.5563240854 -0.5886901385 -0.5514101929
0.9115 -0.5616498066 -0.5987098802 -0.5547355473
0.912 -0.566565928 -0.6081409103 -0.5576424183
0.9125 -0.571081495 -0.6169626789 -0.5601663582
0.913 -0.5752050375 -0.625155892 -0.5623421791
0.9135 -0.5789445139 -0.6327025499 -0.5642035042
0.914 -0.5823072633 -0.639585982 -0.5657823582
0.9145 -0.585299968 -0.6457908796 -0.5671087975
0.915 -0.5879286226 -0.6513033244 -0.5682105796
0.9155 -0.5901985081 -0.6561108155 -0.5691128716
0.916 -0.5921141717 -0.660202292 -0.5698379963
0.9165 -0.5936794096 -0.6635681529 -0.5704052145
0.917 -0.5948972523 -0.6662002741 -0.5708305411
0.9175 -0.5957699526 -0.6680920218 -0.5711265936
0.918 -0.5962989741 -0.6692382626 -0.5713024717
0.9185 -0.5964849812 -0.669635371 -0.5713636644
0.919 -0.59632783 -0.6692812325 -0.5713119868
0.9195 -0.5958265584 -0.6681752448 -0.5711455425
0.92 -0.5949793772 -0.6663183145 -0.5708587133
0.9205 -0.5937836611 -0.6637128514 -0.5704421755
0.921 -0.5922359396 -0.6603627592 -0.5698829445
0.9215 -0.590331888 -0.656273423 -0.5691644472
0.922 -0.5880663193 -0.6514516941 -0.5682666256
0.9225 -0.5854331765 -0.6459058709 -0.5671660723
0.923 -0.5824255265 -0.6396456773 -0.5658362006
0.9235 -0.5790355555 -0.632682238 -0.5642474515
0.924 -0.5752545679 -0.6250280509 -0.5623675395
0.9245 -0.5710729885 -0.6166969562 -0.5601617402
0.925 -0.5664803696 -0.6077041036 -0.5575932195
0.9255 -0.5614654049 -0.5980659154 -0.5546234086
0.926 -0.5560159516 -0.5878000484 -0.5512124213
0.9265 -0.5501190627 -0.5769253524 -0.5473195166
0.927 -0.5437610319 -0.5654618263 -0.5429036025
0.9275 -0.5369274539 -0.5534305723 -0.5379237791
0.928 -0.5296033036 -0.5408537473 -0.5323399164
0.9285 -0.5217730369 -0.5277545127 -0.5261132608
0.929 -0.5134207174 -0.5141569816 -0.5192070626
0.9295 -0.5045301741 -0.5000861648 -0.5115872171
0.93 -0.4950851923 -0.4855679145 -0.5032229071
0.9305 -0.4850697453 -0.4706288665 -0.4940872362
0.931 -0.4744682681 -0.4552963812 -0.4841578415
0.9315 -0.4632659808 -0.4395984824 -0.4734174707
0.932 -0.4514492619 -0.4235637961 -0.4618545116
0.9325 -0.4390060765 -0.4072214872 -0.4494634596
0.933 -0.4259264583 -0.3906011954 -0.4362453116
0.9335 -0.4122030446 -0.3737329711 -0.4222078731
0.934 -0.3978316593 -0.3566472091 -0.407365969
0.9345 -0.3828119351 -0.3393745837 -0.3917415498
0.935 -0.3671479618 -0.3219459817 -0.3753636858
0.9355 -0.3508489418 -0.3043924363 -0.3582684471
0.936 -0.3339298299 -0.2867450602 -0.3404986679
0.9365 -0.3164119267 -0.2690349794 -0.3221035972
0.937 -0.2983233926 -0.251293267 -0.3031384425
0.9375 -0.2796996441 -0.2335508768 -0.2836638122
0.938 -0.2605835955 -0.2158385786 -0.2637450705
0.9385 -0.2410257068 -0.1981868928 -0.243451616
0.939 -0.2210838099 -0.180626027 -0.2228561003
0.9395 -0.200822687 -0.1631858124 -0.2020336035
0.94 -0.1803133958 -0.1458956427 -0.1810607834
0.9405 -0.1596323453 -0.1287844126 -0.1600150179
0.941 -0.1388601462 -0.1118804587 -0.1389735581
0.9415 -0.118080278 -0.09521150164 -0.1180127086
0.942 -0.09737762663 -0.07880458985 -0.09720705199
0.9425 -0.07683695992 -0.06268604466 -0.07662873142
0.943 -0.05654141267 -0.04688140777 -0.05634680283
0.9435 -0.03657105215 -0.03141539025 -0.03642666771
0.944 -0.01700158805 -0.01631182384 -0.01692959268
0.9445 0.002096721173 -0.001593614258 0.002087678885
0.945 0.02065992932 0.01271730318 0.02057322133
0.9455 0.03863101193 0.02660000561 0.03848012766
0.946 0.05596022232 0.04003462228 0.05576661952
0.9465 0.07260520718 0.05300237161 0.07239607093
0.947 0.08853090688 0.06548559579 0.08833695226
0.9475 0.1037092736 0.07746779263 0.103562702
0.948 0.1181188447 0.0889336447 0.1180515356
0.9485 0.1317442106 0.09986904578 0.1317862003
0.949 0.1445754126 0.1102611244 0.1447536864
0.9495 0.1566073057 0.1200982645 0.156944905
0.95 0.1678389123 0.1293701233 0.168354342
0.9505 0.178272792 0.1380676462 0.1789796971
0.951 0.1879144417 0.1461830785 0.1888215177
0.9515 0.1967717422 0.1537099745 0.1978828357
0.952 0.2048544547 0.1606432033 0.2061688132
0.9525 0.2121737755 0.1669789519 0.2136864051
0.953 0.2187419472 0.1727147251 0.2204440425
0.9535 0.2245719278 0.1778493424 0.2264513424
0.954 0.2296771136 0.1823829322 0.2317188466
0.9545 0.234071114 0.1863169226 0.236257792
0.955 0.2377675732 0.1896540299 0.2400799152
0.9555 0.2407800358 0.1923982437 0.2431972906
0.956 0.2431218508 0.1945548094 0.2456222035
0.9565 0.2448061116 0.196130208 0.2473670577
0.957 0.2458456264 0.197132133 0.2484443146
0.9575 0.2462529178 0.1975694645 0.248866465
0.958 0.2460402461 0.1974522414 0.2486460294
0.9585 0.2452196555 0.1967916303 0.2477955849
0.959 0.2438030397 0.195599892 0.2463278158
0.9595 0.2418022241 0.1938903466 0.2442555854
0.96 0.2392290637 0.1916773348 0.2415920244
0.9605 0.2360955532 0.1889761784 0.2383506332
0.961 0.2324139486 0.1858031381 0.2345453945
0.9615 0.2281968967 0.1821753693 0.2301908914
0.962 0.2234575712 0.178110876 0.2253024285
0.9625 0.218209813 0.1736284633 0.2198961516
0.963 0.2124682712 0.1687476883 0.2139891619
0.9635 0.2062485435 0.1634888085 0.2075996225
0.964 0.1995673105 0.1578727302 0.2007468524
0.9645 0.1924424634 0.1519209548 0.1934514058
0.965 0.1848932192 0.1456555239 0.1857351347
0.9655 0.1769402213 0.139098964 0.1776212308
0.966 0.1686056202 0.1322742296 0.1691342467
0.9665 0.159913133 0.125204646 0.1603000938
0.967 0.1508880763 0.1179138516 0.151146017
0.9675 0.1415573698 0.1104257391 0.1417005451
0.968 0.1319495095 0.1027643973 0.1319934181
0.9685 0.1220945076 0.09495405173 0.1220554914
0.969 0.1120237985 0.08701900591 0.1119186192
0.9695 0.1017701114 0.07898358243 0.1016155179
0.97 0.0913673112 0.07087206425 0.09117961256
0.9705 0.08085020942 0.0627086364 0.08064486927
0.971 0.07025434905 0.05451732815 0.0700456156
0.9715 0.0596157684 0.04632195581 0.05941635313
0.972 0.04897074888 0.03814606626 0.04879156511
0.9725 0.03835555304 0.03001288143 0.03820552275
0.973 0.02780615947 0.02194524373 0.02769209348
0.9735 0.01735800096 0.01396556266 0.0172845545
0.974 0.007045712501 0.006095762663 0.007015414603
0.9745 -0.003097105052 -0.001642767611 -0.003083752932
0.975 -0.01303810051 -0.009229224573 -0.01298246399
0.9755 -0.02274636272 -0.01664343733 -0.0226514618
0.976 -0.03219258269 -0.0238659136 -0.03206283809
0.9765 -0.04134918531 -0.03087788383 -0.04119013609
0.977 -0.05019042991 -0.03766134332 -0.05000843475
0.9775 -0.05869247973 -0.04419909241 -0.05849441403
0.978 -0.06683344147 -0.05047477453 -0.06662640151
0.9785 -0.07459337707 -0.05647291199 -0.07438440097
0.979 -0.08195429028 -0.06217893959 -0.08175010408
0.9795 -0.08890009127 -0.06757923583 -0.08870688652
0.98 -0.09541654282 -0.07266115171 -0.09523979026
0.9805 -0.1014911917 -0.07741303701 -0.1013354937
0.981 -0.1071132893 -0.08182426413 -0.1069822721
0.9815 -0.112273704 -0.08588524921 -0.1121699495
0.982 -0.1169648304 -0.08958747073 -0.116889846
0.9825 -0.121180497 -0.09292348535 -0.1211347198
0.983 -0.1249158754 -0.09588694111 -0.1248987096
0.9835 -0.128167394 -0.09847258781 -0.1281772756
0.984 -0.1309326578 -0.1006762848 -0.1309671434
0.9845 -0.1332103754 -0.1024950057 -0.1332662516
0.985 -0.1350002958 -0.1039268408 -0.1350737041
0.9855 -0.1363031547 -0.1049709962 -0.1363897282
0.986 -0.1371206311 -0.1056277906 -0.1372156403
0.9865 -0.1374553155 -0.105898649 -0.1375538174
0.987 -0.1373106886 -0.1057860938 -0.1374076784
0.9875 -0.1366911105 -0.1052937336 -0.1367816705
0.988 -0.1356018206 -0.1044262482 -0.1356812647
0.9885 -0.1340489468 -0.1031893725 -0.134112957
0.989 -0.1320395234 -0.1015898764 -0.1320842759
0.9895 -0.1295815166 -0.09963554296 -0.1296037946
0.99 -0.1266838562 -0.0973351441 -0.1266811469
0.9905 -0.1233564723 -0.0946984133 -0.1233270455
0.991 -0.1196103347 -0.0917360165 -0.1195533016
0.9915 -0.1154574946 -0.08845952044 -0.1153728432
0.992 -0.1109111241 -0.08488135894 -0.1107997316
0.9925 -0.105985555 -0.08101479694 -0.1058491745
0.993 -0.1006963116 -0.07687389256 -0.1005375332
0.9935 -0.09506013658 -0.0724734573 -0.0948823234
0.994 -0.08909500927 -0.06782901427 -0.08890220813
0.9945 -0.08282015147 -0.06295675475 -0.08261698123
0.995 -0.07625602151 -0.05787349316 -0.07604754087
0.9955 -0.06942429367 -0.05259662046 -0.06921585225
0.996 -0.06234782201 -0.04714405613 -0.06214489888
0.9965 -0.05505058776 -0.04153419894 -0.05485862242
0.997 -0.04755762969 -0.03578587647 -0.04738185103
0.9975 -0.03989495756 -0.02991829365 -0.0397402167
0.998 -0.03208944918 -0.02395098034 -0.03196006212
0.9985 -0.02416873211 -0.01790373815 -0.02406833805
0.999 -0.01616105169 -0.01179658656 -0.01609249235
0.9995 -0.008095127387 -0.005649708568 -0.008060352041
1 -3.345577165e-15 0.0005166040993 -2.690338903e-15
