t d dw dc
0 -5.551115123e-17 0.2165787282 0.02898868749
0.0005 5.651769669e-05 -0.1545585968 0.03586380873
0.001 0.0001693673642 -0.1582470729 0.03541209288
0.0015 0.0003381780535 -0.1619862101 0.03499741684
0.002 0.0005623945967 -0.1657731279 0.03463670808
0.0025 0.0008412791104 -0.1696051301 0.03434656867
0.003 0.001173912994 -0.1734796668 0.0341431845
0.0035 0.00155919942 -0.1773943668 0.03404223594
0.004 0.001995866307 0.7590129207 0.03405881061
0.0045 0.002482469771 -0.03130179075 0.03420731822
0.005 0.003017398046 -0.03279377841 0.003017373459
0.0055 0.003598875861 -0.03418812911 0.003598846537
0.006 0.004224969275 -0.0354840373 0.004224934849
0.0065 0.004893590932 -0.03668094569 0.004893551058
0.007 0.00560250576 -0.03777854191 0.00560246011
0.0075 0.006349337067 -0.03877675456 0.006349285332
0.008 0.007131573036 -0.0396757487 0.007131514926
0.0085 0.007946573598 -0.04047592081 0.007946508848
0.009 0.008791577678 -0.0411778932 0.008791506043
0.0095 0.009663710771 -0.04178250796 0.009663632029
0.01 0.01055999285 -0.04229082034 0.01055990681
0.0105 0.0114773466 -0.04270409172 0.01147725308
0.011 0.01241260591 -0.04302378209 0.01241250477
0.0115 0.01336252463 -0.04325154209 0.01336241575
0.012 0.01432378563 -0.0433892047 0.01432366891
0.0125 0.01529300999 -0.04343877646 0.01529288538
0.013 0.0162667665 -0.04340242841 0.01626663395
0.0135 0.01724158121 -0.04328248664 0.01724144072
0.014 0.01821394727 -0.04308142252 0.01821379885
0.0145 0.01918033476 -0.04280184274 0.01918017848
0.015 0.02013720078 -0.04244647895 0.02013703669
0.0155 0.02108099945 -0.04201817729 0.02108082768
0.016 0.02200819213 -0.04151988767 0.02200801281
0.0165 0.02291525755 -0.04095465286 0.02291507084
0.017 0.023798702 -0.04032559751 0.02379850808
0.0175 0.02465506948 -0.03963591694 0.02465486858
0.018 0.02548095183 -0.03888886597 0.02548074421
0.0185 0.02627299878 -0.03808774758 0.02627278471
0.019 0.02702792789 -0.03723590165 0.02702770766
0.0195 0.02774253435 -0.0363366936 0.0277423083
0.02 0.02841370072 -0.03539350313 0.0284134692
0.0205 0.0290384064 -0.03440971301 0.02903816979
0.021 0.02961373699 -0.03338869797 0.02961349569
0.0215 0.03013689334 -0.03233381362 0.03013664778
0.022 0.03060520048 -0.03124838567 0.0306049511
0.0225 0.03101611617 -0.03013569918 0.03101586344
0.023 0.03136723925 -0.0289989881 0.03136698366
0.0235 0.03165631764 -0.02784142499 0.0316560597
0.024 0.03188125603 -0.02666611103 0.03188099625
0.0245 0.03204012321 -0.02547606629 0.03203986214
0.025 0.03213115905 -0.02427422029 0.03213089724
0.0255 0.03215278109 -0.02306340292 0.0321525191
0.026 0.03210359073 -0.02184633567 0.03210332914
0.0265 0.03198237898 -0.02062562327 0.03198211839
0.027 0.03178813183 -0.0194037457 0.03178787281
0.0275 0.03152003509 -0.01818305062 0.03151977826
0.028 0.03117747885 -0.01696574623 0.0311772248
0.0285 0.03076006141 -0.01575389459 0.03075981077
0.029 0.03026759276 -0.01454940534 0.03026734613
0.0295 0.02970009753 -0.01335403006 0.02969985552
0.03 0.02905781744 -0.0121693569 0.02905758067
0.0305 0.02834121327 -0.01099680592 0.02834098234
0.031 0.02755096627 -0.009837624848 0.02755074178
0.0315 0.02668797905 -0.00869288537 0.02668776159
0.032 0.02575337597 -0.007563479988 0.02575316613
0.0325 0.02474850294 -0.006450119409 0.02474830128
0.033 0.02367492674 -0.00535333049 0.02367473383
0.0335 0.02253443376 -0.004273454734 0.02253425015
0.034 0.02132902824 -0.003210647353 0.02132885445
0.0345 0.02006092995 -0.002164876888 0.02006076649
0.035 0.01873257132 -0.001135925397 0.01873241869
0.0355 0.01734659411 -0.0001233891966 0.01734645277
0.036 0.01590584549 0.0008733198276 0.01590571589
0.0365 0.01441337362 0.001854972363 0.01441325618
0.037 0.01287242276 0.002822519258 0.01287231788
0.0375 0.01128642785 0.003777088564 0.01128633589
0.038 0.009659008579 0.004719982046 0.009658929876
0.0385 0.007993963044 0.005652671165 0.007993897907
0.039 0.006295260885 0.006576792541 0.00629520959
0.0395 0.004567036005 0.007494142913 0.004566998792
0.04 0.002813578837 0.008406673612 0.002813555911
0.0405 0.001039328204 0.009316484551 0.001039319736
0.041 -0.0007511372268 0.01022581776 -0.0007511311064
0.0415 -0.002553107876 0.01113705046 -0.002553087073
0.042 -0.004361752546 0.01205268774 -0.004361717005
0.0425 -0.006172128057 0.01297535481 -0.006172077765
0.043 -0.007979189215 0.01390778883 -0.007979124199
0.0435 -0.009777799077 0.01485283047 -0.009777719406
0.044 -0.0115627395 0.01581341499 -0.01156264528
0.0445 -0.01332872193 0.01679256313 -0.01332861333
0.045 -0.01507039848 0.01779337161 -0.01507027569
0.0455 -0.01678237314 0.0188190034 -0.01678223639
0.046 -0.0184592132 0.01987267772 -0.01845906279
0.0465 -0.02009546092 0.02095765983 -0.02009529718
0.047 -0.02168564515 0.02207725061 -0.02168546845
0.0475 -0.02322429326 0.023234776 -0.02322410402
0.048 -0.02470594299 0.02443357625 -0.02470574168
0.0485 -0.02612515447 0.02567699508 -0.0261249416
0.049 -0.02747652217 0.0269683688 -0.02747629828
0.0495 -0.02875468694 0.02831101525 -0.02875445264
0.05 -0.02995434797 0.02970822286 -0.0299541039
0.0505 -0.0310702747 0.03116323956 -0.03107002153
0.051 -0.03209731866 0.03267926187 -0.03209705712
0.0515 -0.03303042521 0.03425942391 -0.03303015607
0.052 -0.03386464511 0.03590678656 -0.03386436918
0.0525 -0.034595146 0.03762432674 -0.03459486411
0.053 -0.03521722358 0.03941492683 -0.03521693663
0.0535 -0.0357263127 0.0412813642 -0.03572602159
0.054 -0.03611799809 0.04322630104 -0.0361177038
0.0545 -0.03638802495 0.04525227431 -0.03638772845
0.055 -0.03653230912 0.04736168601 -0.03653201145
0.0555 -0.03654694705 0.04955679371 -0.03654664926
0.056 -0.03642822535 0.05183970137 -0.03642792852
0.0565 -0.03617263002 0.05421235051 -0.03617233528
0.057 -0.03577685531 0.05667651169 -0.03577656379
0.0575 -0.03523781212 0.05923377642 -0.03523752499
0.058 -0.03455263602 0.06188554943 -0.03455235448
0.0585 -0.03371869484 0.06463304137 -0.03371842009
0.059 -0.03273359575 0.06747726195 -0.03273332903
0.0595 -0.03159519189 0.07041901354 -0.03159493444
0.06 -0.03030158849 0.07345888522 -0.03030134158
0.0605 -0.02885114849 0.07659724742 -0.0288509134
0.061 -0.02724249763 0.07983424692 -0.02724227565
0.0615 -0.02547452899 0.08316980252 -0.02547432142
0.062 -0.02354640699 0.08660360114 -0.02354621513
0.0625 -0.02145757081 0.09013509457 -0.02145739597
0.063 -0.01920773725 0.09376349669 -0.01920758075
0.0635 -0.01679690301 0.09748778137 -0.01679676615
0.064 -0.01422534637 0.1013066808 -0.01422523045
0.0645 -0.01149362827 0.1052186846 -0.01149353462
0.065 -0.008602592833 0.1092220394 -0.008602522738
0.0655 -0.005553367222 0.1133147489 -0.005553321972
0.066 -0.002347360928 0.1174945749 -0.002347341801
0.0665 0.001013735546 0.1217590388 0.001013727286
0.067 0.004527952618 0.126105423 0.004527915724
0.0675 0.008193044161 0.1305307744 0.008192977403
0.068 0.01200649063 0.135031907 0.0120063928
0.0685 0.01596550279 0.1396054057 0.0159653727
0.069 0.02006702604 0.1442476311 0.02006686253
0.0695 0.02430774529 0.1489547244 0.02430754723
0.07 0.02868409046 0.1537226125 0.02868385674
0.0705 0.03319224249 0.1585470148 0.03319197203
0.071 0.03782813992 0.1634234493 0.03782783169
0.0715 0.04258748605 0.16834724 0.04258713904
0.072 0.04746575657 0.173313525 0.04746536981
0.0725 0.0524582077 0.1783172643 0.05245778026
0.073 0.05755988488 0.1833532484 0.05755941586
0.0735 0.06276563187 0.1884161082 0.06276512045
0.074 0.0680701004 0.1935003242 0.06806954575
0.0745 0.07346776013 0.1986002364 0.0734671615
0.075 0.07895290915 0.2037100554 0.07895226582
0.0755 0.08446316711 0.208823873 0.08446247889
0.076 0.0899927076 0.2139356734 0.08999197432
0.0765 0.09553575149 0.2190393449 0.09553497304
0.077 0.1010865778 0.224128692 0.1010857542
0.0775 0.1066395346 0.2291974474 0.1066386657
0.078 0.1121890492 0.2342392849 0.1121881351
0.0785 0.1177296386 0.2392478315 0.1177286793
0.079 0.1232559195 0.244216681 0.1232549152
0.0795 0.128762618 0.2491394066 0.1287615688
0.08 0.1342445787 0.2540095747 0.1342434849
0.0805 0.1396967744 0.2588207578 0.1396956362
0.081 0.1451143145 0.2635665484 0.145113132
0.0815 0.1504924531 0.2682405723 0.1504912268
0.082 0.1558265978 0.2728365022 0.1558253281
0.0825 0.1611123166 0.2773480714 0.1611110039
0.083 0.1663453458 0.2817690874 0.1663439904
0.0835 0.1715215963 0.2860934451 0.1715201987
0.084 0.1766371603 0.2903151404 0.176635721
0.0845 0.1816883172 0.2944282833 0.1816868368
0.085 0.1866715393 0.2984271113 0.1866700182
0.0855 0.1915834963 0.302306002 0.1915819353
0.086 0.1964210608 0.3060594858 0.1964194603
0.0865 0.2011813116 0.3096822584 0.2011796723
0.087 0.2058615377 0.3131691933 0.2058598603
0.0875 0.2104592416 0.3165153528 0.2104575267
0.088 0.2149721415 0.3197160004 0.2149703898
0.0885 0.2193981738 0.3227666115 0.2193963861
0.089 0.2237354947 0.325662884 0.2237336717
0.0895 0.2279824814 0.3284007491 0.2279806237
0.09 0.2321377325 0.3309763807 0.232135841
0.0905 0.2362000685 0.3333862052 0.2361981439
0.091 0.2401685311 0.33562691 0.2401665742
0.0915 0.2440423828 0.3376954523 0.2440403943
0.092 0.2478211051 0.3395890669 0.2478190858
0.0925 0.2515043968 0.3413052732 0.2515023475
0.093 0.2550921721 0.3428418822 0.2550900936
0.0935 0.2585845573 0.3441970025 0.2585824503
0.094 0.2619818877 0.3453690462 0.261979753
0.0945 0.2652847041 0.346356733 0.2652825425
0.095 0.2684937485 0.3471590952 0.2684915608
0.0955 0.2716099595 0.347775481 0.2716077464
0.096 0.2746344675 0.3482055574 0.2746322297
0.0965 0.2775685888 0.3484493125 0.2775663271
0.097 0.2804138205 0.3485070571 0.2804115356
0.0975 0.2831718337 0.3483794256 0.2831695264
0.098 0.2858444674 0.3480673758 0.2858421383
0.0985 0.2884337212 0.3475721893 0.288431371
0.099 0.2909417485 0.3468954692 0.2909393778
0.0995 0.2933708484 0.3460391388 0.2933684579
0.1 0.2957234584 0.345005439 0.2957210488
0.1005 0.298002146 0.3437969247 0.2979997178
0.101 0.3002096004 0.342416461 0.3002071542
0.1015 0.3023486238 0.3408672184 0.3023461602
0.102 0.3044221227 0.3391526675 0.3044196422
0.1025 0.3064330986 0.3372765727 0.3064306017
0.103 0.3083846393 0.3352429858 0.3083821265
0.1035 0.310279909 0.3330562386 0.3102773807
0.104 0.312122139 0.3307209346 0.3121195958
0.1045 0.3139146185 0.3282419407 0.3139120606
0.105 0.315660684 0.3256243778 0.315658112
0.1055 0.3173637107 0.322873611 0.3173611247
0.106 0.3190271016 0.3199952392 0.3190245021
0.1065 0.3206542785 0.3169950844 0.3206516658
0.107 0.3222486719 0.3138791797 0.3222460461
0.1075 0.323813711 0.310653758 0.3238110725
0.108 0.3253528143 0.307325239 0.3253501633
0.1085 0.3268693799 0.3039002167 0.3268667165
0.109 0.3283667757 0.3003854456 0.3283641001
0.1095 0.3298483302 0.2967878276 0.3298456425
0.11 0.3313173228 0.2931143974 0.3313146232
0.1105 0.3327769752 0.2893723083 0.3327742637
0.111 0.3342304419 0.2855688173 0.3342277186
0.1115 0.3356808018 0.2817112703 0.3356780666
0.112 0.3371310491 0.2778070865 0.3371283021
0.1125 0.3385840857 0.2738637433 0.3385813269
0.113 0.3400427124 0.26988876 0.3400399417
0.1135 0.3415096216 0.2658896827 0.3415068389
0.114 0.3429873894 0.261874068 0.3429845946
0.1145 0.3444784687 0.2578494668 0.3444756618
0.115 0.3459851822 0.2538234084 0.345982363
0.1155 0.3475097157 0.2498033846 0.3475068841
0.116 0.3490541121 0.2457968334 0.3490512679
0.1165 0.3506202655 0.2418111229 0.3506174086
0.117 0.3522099159 0.2378535356 0.352207046
0.1175 0.3538246435 0.2339312527 0.3538217605
0.118 0.3554658651 0.230051338 0.3554629686
0.1185 0.3571348287 0.2262207231 0.3571319187
0.119 0.3588326107 0.2224461917 0.3588296869
0.1195 0.3605601117 0.218734365 0.3605571738
0.12 0.362318054 0.2150916869 0.3623151018
0.1205 0.3641069789 0.2115244096 0.3641040121
0.121 0.3659272445 0.20803858 0.3659242628
0.1215 0.3677790244 0.2046400258 0.3677760276
0.122 0.3696623061 0.2013343429 0.369659294
0.1225 0.3715768907 0.1981268819 0.371573863
0.123 0.3735223924 0.1950227368 0.3735193489
0.1235 0.3754982386 0.1920267328 0.375495179
0.124 0.3775036707 0.1891434156 0.3775005947
0.1245 0.3795377452 0.1863770403 0.3795346526
0.125 0.381599335 0.1837315619 0.3815962257
0.1255 0.3836871318 0.1812106258 0.3836840055
0.126 0.3857996482 0.1788175591 0.3857965047
0.1265 0.3879352207 0.1765553627 0.3879320597
0.127 0.3900920127 0.1744267034 0.3900888341
0.1275 0.3922680187 0.172433908 0.3922648224
0.128 0.3944610681 0.1705789567 0.3944578539
0.1285 0.3966688296 0.1688634783 0.3966655974
0.129 0.3988888163 0.1672887453 0.3988855661
0.1295 0.4011183911 0.1658556705 0.4011151227
0.13 0.4033547719 0.1645648038 0.4033514853
0.1305 0.4055950379 0.1634163303 0.405591733
0.131 0.4078361358 0.1624100684 0.4078328127
0.1315 0.4100748867 0.1615454695 0.4100715453
0.132 0.4123079924 0.1608216183 0.4123046329
0.1325 0.4145320435 0.1602372333 0.4145286658
0.133 0.4167435262 0.1597906687 0.4167401305
0.1335 0.4189388303 0.1594799171 0.4189354167
0.134 0.4211142572 0.1593026127 0.4211108259
0.1345 0.4232660282 0.1592560355 0.4232625793
0.135 0.4253902927 0.1593371157 0.4253868265
0.1355 0.4274831368 0.1595424402 0.4274796536
0.136 0.4295405923 0.159868258 0.4295370923
0.1365 0.4315586453 0.1603104883 0.4315551289
0.137 0.4335332453 0.1608647276 0.4335297128
0.1375 0.4354603143 0.161526259 0.4354567661
0.138 0.4373357558 0.1622900607 0.4373321923
0.1385 0.4391554643 0.1631508168 0.439151886
0.139 0.4409153344 0.1641029275 0.4409117418
0.1395 0.4426112701 0.1651405205 0.4426076637
0.14 0.444239194 0.1662574628 0.4442355742
0.1405 0.4457950565 0.1674473736 0.445791424
0.141 0.447274845 0.1687036369 0.4472712005
0.1415 0.4486745932 0.1700194155 0.4486709373
0.142 0.4499903899 0.1713876652 0.4499867233
0.1425 0.4512183877 0.172801149 0.4512147111
0.143 0.4523548123 0.1742524529 0.4523511264
0.1435 0.4533959705 0.1757340008 0.4533922762
0.144 0.4543382592 0.1772380709 0.4543345571
0.1445 0.455178173 0.1787568119 0.4551744641
0.145 0.4559123129 0.1802822593 0.4559085981
0.1455 0.4565373936 0.1818063529 0.4565336736
0.146 0.4570502512 0.1833209537 0.457046527
0.1465 0.4574478505 0.1848178614 0.4574441231
0.147 0.4577272919 0.1862888317 0.4577235623
0.1475 0.4578858185 0.1877255947 0.4578820876
0.148 0.4579208218 0.1891198721 0.4579170906
0.1485 0.4578298484 0.1904633959 0.4578261179
0.149 0.4576106053 0.1917479256 0.4576068766
0.1495 0.4572609654 0.1929652668 0.4572572396
0.15 0.4567789728 0.1941072888 0.4567752508
0.1505 0.4561628467 0.1951659428 0.4561591298
0.151 0.4554109867 0.1961332794 0.4554072759
0.1515 0.4545219754 0.1970014662 0.4545182719
0.152 0.453494583 0.1977628055 0.4534908879
0.1525 0.4523277696 0.1984097514 0.4523240839
0.153 0.4510206879 0.1989349264 0.4510170129
0.1535 0.4495726858 0.1993311386 0.4495690226
0.154 0.4479833076 0.1995913975 0.4479796573
0.1545 0.4462522957 0.1997089301 0.4462486596
0.155 0.4443795914 0.1996771965 0.4443759705
0.1555 0.4423653353 0.199489905 0.4423617308
0.156 0.4402098672 0.1991410265 0.4402062803
0.1565 0.4379137261 0.1986248085 0.4379101579
0.157 0.4354776487 0.197935789 0.4354741004
0.1575 0.4329025688 0.1970688094 0.4328990415
0.158 0.430189615 0.1960190267 0.4301861098
0.1585 0.4273401089 0.1947819253 0.4273366268
0.159 0.4243555622 0.1933533282 0.4243521044
0.1595 0.4212376741 0.1917294075 0.4212342418
0.16 0.4179883277 0.1899066939 0.4179849218
0.1605 0.4146095861 0.1878820859 0.4146062078
0.161 0.4111036884 0.1856528582 0.4111003386
0.1615 0.407473045 0.1832166686 0.4074697249
0.162 0.4037202328 0.1805715656 0.4037169432
0.1625 0.3998479897 0.1777159936 0.3998447317
0.163 0.3958592091 0.1746487986 0.3958559836
0.1635 0.3917569338 0.171369232 0.3917537417
0.164 0.3875443499 0.1678769543 0.3875411921
0.1645 0.38322478 0.1641720378 0.3832216574
0.165 0.3788016763 0.1602549684 0.3787985897
0.1655 0.3742786135 0.1561266463 0.3742755637
0.166 0.3696592814 0.1517883861 0.3696562693
0.1665 0.3649474772 0.1472419164 0.3649445035
0.167 0.3601470975 0.1424893776 0.3601441629
0.1675 0.3552621304 0.1375333198 0.3552592357
0.168 0.350296647 0.1323766991 0.3502937927
0.1685 0.3452547932 0.1270228738 0.3452519799
0.169 0.3401407806 0.1214755987 0.340138009
0.1695 0.3349588784 0.1157390201 0.3349561491
0.17 0.3297134044 0.1098176681 0.3297107178
0.1705 0.3244087154 0.1037164499 0.3244060721
0.171 0.3190491994 0.09744064097 0.3190465997
0.1715 0.3136392654 0.09099587611 0.3136367098
0.172 0.3081833351 0.08438813959 0.3081808239
0.1725 0.3026858334 0.07762375453 0.302683367
0.173 0.2971511796 0.07070937154 0.2971487583
0.1735 0.2915837782 0.06365195671 0.2915814023
0.174 0.28598801 0.0564587789 0.2859856797
0.1745 0.2803682232 0.04913739637 0.2803659387
0.175 0.2747287247 0.04169564278 0.2747264862
0.1755 0.2690737712 0.03414161266 0.2690715787
0.176 0.2634075606 0.02648364621 0.2634054143
0.1765 0.2577342241 0.01873031363 0.257732124
0.177 0.2520578175 0.01089039896 0.2520557636
0.1775 0.2463823132 0.00297288339 0.2463803056
0.178 0.2407115927 -0.005013071813 0.2407096313
0.1785 0.2350494387 -0.0130581428 0.2350475235
0.179 0.229399528 -0.02115286103 0.2293976588
0.1795 0.2237654241 -0.0292876314 0.2237636008
0.18 0.2181505708 -0.03745275079 0.2181487933
0.1805 0.2125582854 -0.04563842677 0.2125565534
0.181 0.2069917526 -0.05383479653 0.2069900659
0.1815 0.2014540185 -0.06203194604 0.201452377
0.182 0.1959479853 -0.07021992929 0.1959463886
0.1825 0.1904764059 -0.07838878765 0.1904748538
0.183 0.1850418792 -0.08652856928 0.1850403714
0.1835 0.1796468454 -0.09462934857 0.1796453816
0.184 0.1742935822 -0.1026812455 0.174292162
0.1845 0.168984201 -0.1106744451 0.168982824
0.185 0.1637206433 -0.1185992164 0.1637193093
0.1855 0.1585046783 -0.1264459319 0.1585033868
0.186 0.1533379002 -0.1342050862 0.1533366507
0.1865 0.1482217258 -0.1418673147 0.1482205181
0.187 0.1431573934 -0.1494234121 0.1431562269
0.1875 0.1381459611 -0.1568643504 0.1381448355
0.188 0.1331883064 -0.1641812968 0.1331872212
0.1885 0.1282851254 -0.171365631 0.1282840801
0.189 0.1234369331 -0.1784089621 0.1234359273
0.1895 0.1186440639 -0.1853031452 0.1186430971
0.19 0.1139066723 -0.1920402974 0.1139057441
0.1905 0.1092247343 -0.1986128135 0.1092238444
0.191 0.1045980495 -0.2050133806 0.1045971972
0.1915 0.1000262425 -0.2112349928 0.1000254275
0.192 0.0955087662 -0.2172709648 0.09550798798
0.1925 0.0910449043 -0.223114945 0.09104416245
0.193 0.08663377491 -0.228760928 0.086633069
0.1935 0.08227433419 -0.2342032665 0.0822736638
0.194 0.07796538053 -0.2394366821 0.07796474525
0.1945 0.07370555905 -0.2444562755 0.07370495848
0.195 0.06949336642 -0.2492575365 0.06949280017
0.1955 0.06532715612 -0.2538363521 0.06532662382
0.196 0.06120514396 -0.258189015 0.06120464525
0.1965 0.05712541394 -0.26231223 0.05712494847
0.197 0.05308592442 -0.2662031211 0.05308549187
0.1975 0.04908451462 -0.2698592363 0.04908411467
0.198 0.04511891132 -0.2732785522 0.04511854368
0.1985 0.04118673589 -0.2764594779 0.04118640029
0.199 0.03728551156 -0.2794008576 0.03728520775
0.1995 0.03341267086 -0.2821019726 0.0334123986
0.2 0.02956556336 -0.2845625422 0.02956532245
0.2005 0.02574146353 -0.2867827237 0.02574125378
0.201 0.02193757881 -0.288763112 0.02193740006
0.2015 0.01815105783 -0.2905047375 0.01815090993
0.202 0.01437899878 -0.2920090635 0.01437888161
0.2025 0.01061845785 -0.2932779834 0.01061837132
0.203 0.006866457835 -0.2943138153 0.006866401886
0.2035 0.003119996786 -0.2951192977 0.003119971363
0.204 -0.0006239433095 -0.2956975828 -0.0006239382254
0.2045 -0.004368387758 -0.2960522301 -0.004368352163
0.205 -0.008116360407 -0.2961871982 -0.008116294273
0.2055 -0.01187087488 -0.2961068363 -0.01187077816
0.206 -0.01563492586 -0.295815875 -0.01563479846
0.2065 -0.01941148037 -0.295319416 -0.0194113222
0.207 -0.02320346915 -0.2946229212 -0.02320328008
0.2075 -0.02701377815 -0.2937322011 -0.02701355804
0.208 -0.03084524007 -0.2926534022 -0.03084498873
0.2085 -0.03470062601 -0.2913929942 -0.03470034326
0.209 -0.03858263736 -0.2899577562 -0.03858232298
0.2095 -0.04249389777 -0.2883547623 -0.04249355152
0.21 -0.04643694532 -0.2865913665 -0.04643656695
0.2105 -0.05041422489 -0.2846751875 -0.05041381411
0.211 -0.05442808077 -0.2826140924 -0.05442763727
0.2115 -0.05848074944 -0.28041618 -0.05848027293
0.212 -0.06257435274 -0.2780897641 -0.06257384287
0.2125 -0.06671089111 -0.2756433558 -0.06671034753
0.213 -0.07089223728 -0.2730856455 -0.07089165964
0.2135 -0.07512013021 -0.2704254849 -0.07511951811
0.214 -0.07939616927 -0.2676718683 -0.07939552234
0.2145 -0.08372180888 -0.2648339137 -0.0837211267
0.215 -0.08809835335 -0.2619208439 -0.08809763551
0.2155 -0.09252695218 -0.2589419667 -0.09252619825
0.216 -0.09700859567 -0.2559066561 -0.09700780523
0.2165 -0.1015441109 -0.2528243322 -0.1015432835
0.217 -0.1061341581 -0.2497044417 -0.1061332933
0.2175 -0.1107792276 -0.2465564381 -0.1107783249
0.218 -0.1154796364 -0.243389762 -0.1154786955
0.2185 -0.1202355267 -0.2402138214 -0.120234547
0.219 -0.125046863 -0.237037972 -0.1250458441
0.2195 -0.1299134309 -0.2338714979 -0.1299123723
0.22 -0.134834836 -0.230723592 -0.1348337373
0.2205 -0.1398105029 -0.2276033371 -0.1398093637
0.221 -0.1448396749 -0.224519687 -0.1448384947
0.2215 -0.1499214145 -0.2214814474 -0.1499201929
0.222 -0.1550546032 -0.2184972585 -0.1550533398
0.2225 -0.1602379432 -0.2155755761 -0.1602366376
0.223 -0.1654699582 -0.2127246548 -0.1654686099
0.2235 -0.1707489956 -0.2099525306 -0.1707476043
0.224 -0.1760732283 -0.2072670039 -0.1760717936
0.2245 -0.1814406579 -0.204675624 -0.1814391795
0.225 -0.1868491172 -0.2021856732 -0.1868475947
0.2255 -0.1922962738 -0.1998041515 -0.192294707
0.226 -0.1977796343 -0.1975377625 -0.1977780227
0.2265 -0.2032965478 -0.1953928996 -0.2032948913
0.227 -0.2088442112 -0.1933756324 -0.2088425095
0.2275 -0.2144196736 -0.1914916948 -0.2144179265
0.228 -0.2200198422 -0.1897464728 -0.2200180494
0.2285 -0.2256414873 -0.1881449935 -0.2256396487
0.229 -0.2312812488 -0.1866919151 -0.2312793643
0.2295 -0.2369356423 -0.1853915171 -0.2369337117
0.23 -0.2426010657 -0.1842476918 -0.2425990889
0.2305 -0.2482738061 -0.1832639361 -0.2482717831
0.231 -0.2539500471 -0.1824433449 -0.2539479779
0.2315 -0.2596258761 -0.1817886044 -0.2596237606
0.232 -0.2652972918 -0.1813019872 -0.2652951301
0.2325 -0.2709602125 -0.1809853472 -0.2709580046
0.233 -0.2766104839 -0.1808401168 -0.27660823
0.2335 -0.2822438874 -0.1808673032 -0.2822415876
0.234 -0.2878561487 -0.1810674876 -0.2878538032
0.2345 -0.2934429462 -0.1814408232 -0.2934405552
0.235 -0.2989999199 -0.1819870361 -0.2989974836
0.2355 -0.30452268 -0.1827054254 -0.3045201986
0.236 -0.310006816 -0.1835948653 -0.31000429
0.2365 -0.3154479059 -0.1846538076 -0.3154453356
0.237 -0.3208415248 -0.1858802854 -0.3208389105
0.2375 -0.3261832542 -0.187271917 -0.3261805964
0.238 -0.331468691 -0.1888259117 -0.3314659901
0.2385 -0.3366934568 -0.1905390754 -0.3366907134
0.239 -0.3418532066 -0.1924078177 -0.3418504211
0.2395 -0.346943638 -0.19442816 -0.346940811
0.24 -0.3519604999 -0.1965957433 -0.3519576321
0.2405 -0.3568996017 -0.1989058381 -0.3568966936
0.241 -0.3617568214 -0.2013533546 -0.3617538737
0.2415 -0.3665281147 -0.203932853 -0.3665251281
0.242 -0.371209523 -0.2066385555 -0.3712064984
0.2425 -0.3757971821 -0.2094643586 -0.3757941201
0.243 -0.3802873297 -0.2124038458 -0.380284231
0.2435 -0.3846763135 -0.2154503013 -0.384673179
0.244 -0.3889605987 -0.2185967243 -0.3889574294
0.2445 -0.3931367756 -0.2218358436 -0.3931335723
0.245 -0.3972015664 -0.2251601333 -0.39719833
0.2455 -0.4011518321 -0.2285618282 -0.4011485634
0.246 -0.4049845788 -0.2320329406 -0.4049812789
0.2465 -0.4086969644 -0.2355652769 -0.4086936343
0.247 -0.4122863041 -0.2391504547 -0.4122829447
0.2475 -0.4157500759 -0.2427799207 -0.4157466883
0.248 -0.419085926 -0.2464449686 -0.4190825111
0.2485 -0.4222916734 -0.2501367571 -0.4222882324
0.249 -0.4253653145 -0.253846329 -0.4253618486
0.2495 -0.4283050273 -0.2575646292 -0.4283015374
0.25 -0.4311091747 -0.2612825243 -0.4311056619
0.2505 -0.4337763079 -0.2649908217 -0.4337727733
0.251 -0.4363051694 -0.2686802881 -0.4363016143
0.2515 -0.4386946954 -0.2723416699 -0.4386911208
0.252 -0.4409440176 -0.2759657114 -0.4409404247
0.2525 -0.4430524651 -0.2795431751 -0.443048855
0.253 -0.4450195652 -0.2830648604 -0.4450159391
0.2535 -0.4468450445 -0.2865216227 -0.4468414035
0.254 -0.4485288288 -0.2899043929 -0.4485251741
0.2545 -0.4500710432 -0.293204196 -0.4500673759
0.255 -0.4514720115 -0.2964121698 -0.4514683328
0.2555 -0.4527322549 -0.2995195835 -0.4527285659
0.256 -0.453852491 -0.3025178555 -0.4538487929
0.2565 -0.4548336313 -0.3053985715 -0.4548299252
0.257 -0.4556767795 -0.3081535019 -0.4556730666
0.2575 -0.4563832283 -0.3107746191 -0.4563795096
0.258 -0.4569544564 -0.3132541135 -0.456950733
0.2585 -0.4573921249 -0.3155844106 -0.457388398
0.259 -0.4576980733 -0.3177581859 -0.4576943439
0.2595 -0.4578743152 -0.3197683804 -0.4578705844
0.26 -0.4579230336 -0.3216082153 -0.4579193023
0.2605 -0.4578465755 -0.3232712058 -0.4578428448
0.261 -0.4576474466 -0.3247511747 -0.4576437176
0.2615 -0.4573283057 -0.326042265 -0.4573245793
0.262 -0.456891958 -0.3271389521 -0.4568882351
0.2625 -0.456341349 -0.3280360551 -0.4563376306
0.263 -0.4556795575 -0.3287287478 -0.4556758445
0.2635 -0.4549097888 -0.329212568 -0.4549060821
0.264 -0.454035367 -0.3294834276 -0.4540316674
0.2645 -0.4530597273 -0.3295376202 -0.4530560357
0.265 -0.4519864086 -0.3293718293 -0.4519827258
0.2655 -0.4508190451 -0.3289831347 -0.4508153717
0.266 -0.4495613578 -0.328369019 -0.4495576947
0.2665 -0.4482171465 -0.3275273724 -0.4482134943
0.267 -0.4467902807 -0.3264564973 -0.4467866401
0.2675 -0.445284691 -0.3251551116 -0.4452810627
0.268 -0.4437043602 -0.3236223518 -0.4437007448
0.2685 -0.4420533142 -0.3218577741 -0.4420497123
0.269 -0.4403356129 -0.3198613561 -0.440332025
0.2695 -0.4385553409 -0.3176334965 -0.4385517674
0.27 -0.4367165983 -0.3151750144 -0.4367130399
0.2705 -0.4348234918 -0.3124871479 -0.4348199487
0.271 -0.4328801247 -0.3095715514 -0.4328765975
0.2715 -0.4308905884 -0.3064302924 -0.4308870774
0.272 -0.4288589528 -0.3030658475 -0.4288554584
0.2725 -0.4267892572 -0.2994810976 -0.4267857796
0.273 -0.4246855012 -0.2956793215 -0.4246820407
0.2735 -0.422551636 -0.2916641904 -0.4225481929
0.274 -0.4203915552 -0.2874397597 -0.4203881297
0.2745 -0.4182090865 -0.2830104614 -0.4182056788
0.275 -0.4160079828 -0.2783810952 -0.4160045931
0.2755 -0.4137919141 -0.2735568189 -0.4137885424
0.276 -0.4115644593 -0.2685431383 -0.4115611058
0.2765 -0.4093290984 -0.2633458962 -0.4093257631
0.277 -0.4070892045 -0.2579712608 -0.4070858874
0.2775 -0.4048480367 -0.2524257136 -0.4048447379
0.278 -0.4026087329 -0.2467160368 -0.4026054524
0.2785 -0.400374303 -0.2408492994 -0.4003710407
0.279 -0.3981476221 -0.2348328438 -0.398144378
0.2795 -0.3959314248 -0.2286742712 -0.3959281986
0.28 -0.3937282986 -0.2223814267 -0.3937250904
0.2805 -0.3915406791 -0.215962384 -0.3915374888
0.281 -0.3893708447 -0.2094254294 -0.389367672
0.2815 -0.3872209113 -0.2027790461 -0.3872177561
0.282 -0.3850928286 -0.1960318973 -0.3850896908
0.2825 -0.3829883758 -0.1891928096 -0.3829852552
0.283 -0.3809091582 -0.1822707557 -0.3809060545
0.2835 -0.3788566037 -0.1752748375 -0.3788535167
0.284 -0.3768319605 -0.1682142681 -0.37682889
0.2845 -0.3748362946 -0.1610983543 -0.3748332404
0.285 -0.3728704881 -0.1539364787 -0.3728674499
0.2855 -0.3709352377 -0.146738082 -0.3709322153
0.286 -0.3690310537 -0.1395126448 -0.3690280468
0.2865 -0.3671582598 -0.1322696697 -0.3671552681
0.287 -0.3653169925 -0.1250186632 -0.3653140158
0.2875 -0.3635072022 -0.1177691179 -0.3635042403
0.288 -0.3617286538 -0.1105304947 -0.3617257063
0.2885 -0.3599809277 -0.1033122051 -0.3599779945
0.289 -0.3582634221 -0.09612359348 -0.3582605029
0.2895 -0.356575355 -0.08897392014 -0.3565724496
0.29 -0.3549157669 -0.08187234387 -0.354912875
0.2905 -0.3532835237 -0.07482790534 -0.3532806451
0.291 -0.3516773208 -0.0678495105 -0.3516744552
0.2915 -0.3500956863 -0.06094591448 -0.3500928337
0.292 -0.3485369862 -0.05412570576 -0.3485341463
0.2925 -0.3469994287 -0.04739729079 -0.3469966013
0.293 -0.3454810694 -0.04076887906 -0.3454782543
0.2935 -0.3439798171 -0.03424846857 -0.3439770142
0.294 -0.3424934396 -0.02784383184 -0.3424906488
0.2945 -0.3410195701 -0.02156250247 -0.3410167914
0.295 -0.3395557139 -0.01541176217 -0.3395529471
0.2955 -0.3380992552 -0.009398628395 -0.3380965003
0.296 -0.3366474647 -0.003529842592 -0.3366447217
0.2965 -0.335197507 0.002188140965 -0.3351947758
0.297 -0.3337464486 0.007749165693 -0.3337437292
0.2975 -0.332291266 0.01314738257 -0.3322885584
0.298 -0.3308288542 0.01837725931 -0.3308261585
0.2985 -0.3293560353 0.02343358889 -0.3293533516
0.299 -0.3278695674 0.02831149733 -0.3278668959
0.2995 -0.3263661536 0.0330064508 -0.3263634943
0.3 -0.3248424513 0.03751426194 -0.3248398045
0.3005 -0.3232950815 0.04183109549 -0.3232924472
0.301 -0.3217206382 0.04595347321 -0.3217180168
0.3015 -0.3201156983 0.0498782779 -0.3201130899
0.302 -0.318476831 0.05360275685 -0.318474236
0.3025 -0.3168006076 0.0571245244 -0.3167980263
0.303 -0.3150836116 0.0604415638 -0.3150810443
0.3035 -0.3133224481 0.06355222824 -0.3133198951
0.304 -0.3115137537 0.0664552412 -0.3115112154
0.3045 -0.3096542066 0.06914969604 -0.3096516834
0.305 -0.3077405358 0.07163505472 -0.3077380283
0.3055 -0.3057695314 0.07391114592 -0.3057670399
0.306 -0.3037380535 0.07597816237 -0.3037355785
0.3065 -0.3016430421 0.07783665741 -0.3016405843
0.307 -0.2994815263 0.07948754087 -0.2994790861
0.3075 -0.2972506335 0.08093207427 -0.2972482114
0.308 -0.294947598 0.08217186529 -0.2949451947
0.3085 -0.2925697704 0.08320886159 -0.2925673865
0.309 -0.2901146256 0.08404534394 -0.2901122616
0.3095 -0.2875797712 0.08468391878 -0.2875774279
0.31 -0.2849629559 0.08512751009 -0.284960634
0.3105 -0.2822620768 0.0853793507 -0.2822597768
0.311 -0.2794751869 0.08544297303 -0.2794729097
0.3115 -0.2766005025 0.08532219924 -0.2765982487
0.312 -0.2736364099 0.08502113093 -0.2736341802
0.3125 -0.2705814715 0.08454413823 -0.2705792667
0.313 -0.2674344322 0.08389584853 -0.2674322531
0.3135 -0.2641942252 0.08308113469 -0.2641920725
0.314 -0.2608599767 0.08210510285 -0.2608578511
0.3145 -0.2574310114 0.08097307985 -0.2574289138
0.315 -0.2539068565 0.07969060031 -0.2539047876
0.3155 -0.250287246 0.07826339334 -0.2502852066
0.316 -0.2465721239 0.07669736902 -0.2465701148
0.3165 -0.2427616477 0.07499860454 -0.2427596697
0.317 -0.2388561907 0.07317333013 -0.2388542444
0.3175 -0.2348563441 0.07122791485 -0.2348544304
0.318 -0.230762919 0.0691688521 -0.2307610387
0.3185 -0.2265769473 0.0670027451 -0.2265751011
0.319 -0.2222996826 0.06473629222 -0.2222978713
0.3195 -0.2179326 0.0623762722 -0.2179308242
0.32 -0.2134773961 0.05992952943 -0.2134756566
0.3205 -0.2089359881 0.05740295917 -0.2089342857
0.321 -0.2043105126 0.05480349277 -0.2043088478
0.3215 -0.1996033235 0.05213808303 -0.199601697
0.322 -0.1948169898 0.04941368959 -0.1948154024
0.3225 -0.1899542929 0.04663726449 -0.1899527451
0.323 -0.1850182233 0.04381573786 -0.1850167157
0.3235 -0.1800119764 0.0409560038 -0.1800105096
0.324 -0.1749389488 0.03806490654 -0.1749375234
0.3245 -0.1698027333 0.03514922675 -0.1698013497
0.325 -0.1646071133 0.03221566819 -0.164605772
0.3255 -0.1593560577 0.02927084471 -0.1593547593
0.326 -0.1540537147 0.02632126748 -0.1540524595
0.3265 -0.1487044049 0.02337333264 -0.1487031932
0.327 -0.1433126144 0.02043330937 -0.1433114467
0.3275 -0.1378829879 0.01750732832 -0.1378818644
0.328 -0.1324203201 0.01460137049 -0.1324192412
0.3285 -0.1269295484 0.01172125656 -0.1269285142
0.329 -0.1214157436 0.008872636742 -0.1214147543
0.3295 -0.1158841016 0.006060981064 -0.1158831574
0.33 -0.1103399339 0.003291570227 -0.1103390348
0.3305 -0.104788658 0.0005694869747 -0.1047878042
0.331 -0.09923578809 -0.002100391984 -0.09923497949
0.3315 -0.09368692427 -0.004713403485 -0.09368616089
0.332 -0.08814774277 -0.007265104836 -0.08814702452
0.3325 -0.0826239851 -0.009751280154 -0.08262331186
0.333 -0.07712144738 -0.0121679461 -0.07712081898
0.3335 -0.07164596936 -0.01451135702 -0.07164538557
0.334 -0.06620342325 -0.0167780094 -0.06620288381
0.3345 -0.06079970252 -0.01896464581 -0.06079920711
0.335 -0.05544071044 -0.02106825812 -0.05544025869
0.3355 -0.05013234864 -0.02308609011 -0.05013194015
0.336 -0.04488050554 -0.02501563945 -0.04488013984
0.3365 -0.03969104474 -0.0268546591 -0.03969072133
0.337 -0.0345697934 -0.02860115794 -0.03456951172
0.3375 -0.0295225306 -0.03025340092 -0.02952229004
0.338 -0.02455497576 -0.03180990849 -0.02455477568
0.3385 -0.01967277708 -0.03326945545 -0.01967261678
0.339 -0.01488150004 -0.03463106916 -0.01488137878
0.3395 -0.01018661606 -0.03589402717 -0.01018653306
0.34 -0.005593491227 -0.03705785422 -0.005593445651
0.3405 -0.001107375179 -0.03812231875 -0.001107366155
0.341 0.003266609822 -0.03908742869 0.003266583205
0.3415 0.007523479636 -0.03995342682 0.007523418333
0.342 0.01165839877 -0.04072078556 0.01165830378
0.3425 0.01566669068 -0.04139020117 0.01566656302
0.343 0.01954384777 -0.04196258756 0.01954368852
0.3435 0.02328554115 -0.04243906949 0.02328535142
0.344 0.0268876301 -0.0428209754 0.02688741101
0.3445 0.03034617112 -0.04310982973 0.03034592385
0.345 0.03365742674 -0.04330734484 0.0336571525
0.3455 0.03681787395 -0.04341541257 0.03681757395
0.346 0.03982421214 -0.04343609532 0.03982388765
0.3465 0.0426733708 -0.04337161686 0.04267302309
0.347 0.04536251668 -0.04322435282 0.04536214706
0.3475 0.04788906057 -0.0429968208 0.04788867036
0.348 0.05025066361 -0.04269167029 0.05025025416
0.3485 0.05244524317 -0.0423116723 0.05244481584
0.349 0.05447097822 -0.04185970873 0.05447053438
0.3495 0.05632631422 -0.04133876169 0.05632585526
0.35 0.05800996751 -0.04075190247 0.05800949483
0.3505 0.05952092919 -0.04010228051 0.0595204442
0.351 0.0608584685 -0.03939311221 0.06085797261
0.3515 0.06202213564 -0.03862766972 0.06202163027
0.352 0.06301176408 -0.03780926956 0.06301125064
0.3525 0.06382747229 -0.03694126138 0.06382695221
0.353 0.06446966499 -0.03602701661 0.06446913968
0.3535 0.06493903378 -0.03506991724 0.06493850465
0.354 0.06523655729 -0.03407334456 0.06523602573
0.3545 0.06536350066 -0.03304066816 0.06536296807
0.355 0.06532141464 -0.03197523488 0.06532088238
0.3555 0.06511213394 -0.03088035805 0.0651116034
0.356 0.06473777521 -0.02975930686 0.06473724771
0.3565 0.06420073432 -0.02861529591 0.0642002112
0.357 0.06350368319 -0.02745147508 0.06350316575
0.3575 0.06264956607 -0.02627091958 0.06264905558
0.358 0.06164159522 -0.02507662032 0.06164109295
0.3585 0.06048324617 -0.02387147461 0.06048275334
0.359 0.05917825237 -0.02265827716 0.05917777017
0.3595 0.0577305994 -0.02143971144 0.057730129
0.36 0.05614451863 -0.02021834148 0.05614406115
0.3605 0.05442448044 -0.01899660397 0.05442403697
0.361 0.05257518693 -0.01777680085 0.05257475853
0.3615 0.05060156423 -0.01656109233 0.05060115192
0.362 0.04850875431 -0.01535149032 0.04850835905
0.3625 0.04630210637 -0.01414985242 0.04630172909
0.363 0.04398716787 -0.01295787625 0.04398680945
0.3635 0.0415696751 -0.01177709446 0.04156933638
0.364 0.03905554343 -0.01060887011 0.0390552252
0.3645 0.03645085719 -0.009454392612 0.03645056018
0.365 0.03376185918 -0.008314674261 0.03376158408
0.3655 0.03099493991 -0.007190547222 0.03099468736
0.366 0.02815662655 -0.006082661118 0.02815639712
0.3665 0.02525357156 -0.00499148116 0.02525336579
0.367 0.02229254111 -0.003917286833 0.02229235947
0.3675 0.01928040329 -0.002860171137 0.01928024619
0.368 0.01622411604 -0.001820040406 0.01622398384
0.3685 0.01313071501 -0.0007966146722 0.01313060802
0.369 0.01000730117 0.0002105713971 0.01000721963
0.3695 0.006861028337 0.001202167008 0.006860972432
0.37 0.003699090608 0.002179003196 0.003699060467
0.3705 0.0005287096676 0.003142090234 0.0005287053596
0.371 -0.002642877918 0.004092614491 -0.002642856383
0.3715 -0.005808433458 0.005031934769 -0.00580838613
0.372 -0.008960728889 0.005961578111 -0.008960655875
0.3725 -0.01209255951 0.006883235096 -0.01209246098
0.373 -0.01519675668 0.00779875463 -0.01519663285
0.3735 -0.01826620041 0.008710138263 -0.01826605157
0.374 -0.0212938319 0.009619534021 -0.02129365839
0.3745 -0.02427266594 0.01052922979 -0.02427246817
0.375 -0.02719580316 0.01144164624 -0.02719558156
0.3755 -0.03005644208 0.0123593294 -0.03005619718
0.376 -0.03284789105 0.0132849427 -0.0328476234
0.3765 -0.03556357985 0.01422125877 -0.03556329007
0.377 -0.03819707118 0.01517115082 -0.03819675994
0.3775 -0.04074207178 0.01613758362 -0.04074173981
0.378 -0.04319244334 0.01712360432 -0.0431920914
0.3785 -0.04554221301 0.01813233282 -0.04554184192
0.379 -0.04778558371 0.01916695194 -0.04778519434
0.3795 -0.04991694397 0.02023069741 -0.04991653724
0.38 -0.05193087749 0.02132684752 -0.05193045434
0.3805 -0.05382217224 0.02245871269 -0.05382173368
0.381 -0.05558582922 0.02362962483 -0.05558537629
0.3815 -0.05721707077 0.02484292656 -0.05721660455
0.382 -0.05871134844 0.02610196034 -0.05871087005
0.3825 -0.06006435041 0.02741005755 -0.06006386099
0.383 -0.06127200844 0.02877052744 -0.06127150918
0.3835 -0.06233050438 0.03018664618 -0.0623299965
0.384 -0.0632362761 0.03166164577 -0.06323576084
0.3845 -0.06398602303 0.03319870315 -0.06398550166
0.385 -0.06457671108 0.03480092922 -0.06457618489
0.3855 -0.06500557711 0.03647135806 -0.06500504743
0.386 -0.06527013284 0.03821293625 -0.06526960101
0.3865 -0.06536816825 0.04002851232 -0.06536763562
0.387 -0.06529775438 0.04192082636 -0.06529722232
0.3875 -0.06505724562 0.04389249993 -0.06505671552
0.388 -0.06464528149 0.04594602606 -0.06464475474
0.3885 -0.06406078778 0.04808375965 -0.0640602658
0.389 -0.0633029772 0.05030790808 -0.06330246139
0.3895 -0.06237134945 0.05262052211 -0.06237084123
0.39 -0.06126569075 0.05502348721 -0.06126519154
0.3905 -0.05998607279 0.05751851515 -0.05998558401
0.391 -0.0585328512 0.06010713599 -0.05853237426
0.3915 -0.05690666335 0.06279069058 -0.05690619966
0.392 -0.05510842579 0.06557032333 -0.05510797675
0.3925 -0.05313933099 0.0684469755 -0.053138898
0.393 -0.05100084365 0.07142137902 -0.05100042809
0.3935 -0.04869469651 0.07449405067 -0.04869429974
0.394 -0.04622288557 0.07766528684 -0.04622250894
0.3945 -0.04358766491 0.08093515877 -0.04358730975
0.395 -0.04079154095 0.08430350837 -0.04079120857
0.3955 -0.03783726634 0.08776994454 -0.03783695803
0.396 -0.03472783328 0.09133384003 -0.03472755031
0.3965 -0.0314664665 0.09499432892 -0.03146621011
0.397 -0.02805661576 0.09875030468 -0.02805638715
0.3975 -0.02450194796 0.1026004187 -0.02450174831
0.398 -0.02080633886 0.1065430797 -0.02080616933
0.3985 -0.01697386445 0.1105764531 -0.01697372615
0.399 -0.01300879194 0.1146984621 -0.01300868594
0.3995 -0.008915570399 0.118906788 -0.008915497753
0.4 -0.004698821174 0.1231988723 -0.004698782887
0.4005 -0.0003633279016 0.1275719186 -0.0003633249411
0.401 0.00408597367 0.1320228958 0.004085940376
0.4015 0.008644006136 0.136548541 0.008643935702
0.402 0.01330556111 0.141145364 0.01330545269
0.4025 0.01806531009 0.1458096515 0.01806516289
0.403 0.02291781553 0.1505374726 0.02291762879
0.4035 0.02785754205 0.1553246845 0.02785731506
0.404 0.03287886774 0.1601669386 0.03287859983
0.4045 0.03797609564 0.1650596874 0.0379757862
0.405 0.04314346528 0.1699981921 0.04314311374
0.4055 0.04837516423 0.1749775304 0.04837477006
0.406 0.05366533975 0.1799926048 0.05366490247
0.4065 0.05900811039 0.1850381517 0.05900762958
0.407 0.06439757765 0.1901087507 0.06439705292
0.4075 0.06982783751 0.1951988342 0.06982726854
0.408 0.07529299198 0.2003026981 0.07529237848
0.4085 0.0807871605 0.205414512 0.08078650223
0.409 0.08630449124 0.2105283305 0.08630378801
0.4095 0.09183917234 0.2156381047 0.09183842401
0.41 0.09738544285 0.2207376936 0.09738464933
0.4105 0.1029376036 0.2258208764 0.1029367649
0.411 0.108490028 0.2308813647 0.108489144
0.4115 0.114037172 0.2359128152 0.1140362428
0.412 0.1195735849 0.2409088426 0.1195726106
0.4125 0.1250939186 0.2458630321 0.1250928993
0.413 0.1305929378 0.2507689534 0.1305918737
0.4135 0.1360655289 0.2556201733 0.1360644202
0.414 0.1415067092 0.2604102694 0.1415055561
0.4145 0.1469116353 0.265132844 0.1469104382
0.415 0.1522756118 0.2697815368 0.152274371
0.4155 0.1575940988 0.2743500394 0.1575928147
0.416 0.1628627197 0.2788321083 0.1628613927
0.4165 0.1680772682 0.2832215785 0.1680758986
0.417 0.1732337149 0.2875123771 0.1732323034
0.4175 0.1783282139 0.2916985367 0.1783267608
0.418 0.1833571081 0.2957742083 0.1833556141
0.4185 0.1883169353 0.2997336746 0.1883154008
0.419 0.1932044322 0.3035713628 0.1932028579
0.4195 0.1980165397 0.307281857 0.1980149262
0.42 0.2027504064 0.310859911 0.2027487543
0.4205 0.207403392 0.3143004596 0.207401702
0.421 0.2119730706 0.3175986312 0.2119713434
0.4215 0.2164572331 0.3207497586 0.2164554694
0.422 0.2208538889 0.3237493902 0.2208520894
0.4225 0.2251612678 0.3265933006 0.2251594332
0.423 0.2293778207 0.3292775007 0.2293759517
0.4235 0.2335022202 0.3317982476 0.2335003176
0.424 0.2375333607 0.3341520537 0.2375314252
0.4245 0.2414703574 0.3363356956 0.2414683899
0.425 0.2453125461 0.338346222 0.2453105473
0.4255 0.249059481 0.3401809619 0.2490574516
0.426 0.252710933 0.341837531 0.2527088738
0.4265 0.2562668871 0.3433138391 0.256264799
0.427 0.2597275399 0.3446080952 0.2597254236
0.4275 0.2630932955 0.3457188134 0.2630911518
0.428 0.2663647623 0.3466448174 0.266362592
0.4285 0.2695427484 0.3473852442 0.2695405521
0.429 0.2726282568 0.347939548 0.2726260354
0.4295 0.2756224806 0.3483075028 0.2756202347
0.43 0.278526797 0.3484892039 0.2785245275
0.4305 0.2813427617 0.34848507 0.2813404693
0.431 0.2840721027 0.3482958433 0.284069788
0.4315 0.2867167132 0.3479225896 0.286714377
0.432 0.2892786449 0.3473666979 0.2892762878
0.4325 0.2917601005 0.3466298782 0.2917577232
0.433 0.2941634264 0.3457141602 0.2941610295
0.4335 0.2964911042 0.3446218896 0.2964886883
0.434 0.2987457428 0.3433557253 0.2987433086
0.4345 0.3009300702 0.3419186348 0.3009276182
0.435 0.3030469243 0.3403138891 0.303044455
0.4355 0.3050992442 0.3385450576 0.3050967582
0.436 0.3070900613 0.3366160013 0.3070875591
0.4365 0.3090224899 0.3345308661 0.3090199719
0.437 0.3108997176 0.3322940752 0.3108971844
0.4375 0.3127249961 0.3299103211 0.312722448
0.438 0.3145016314 0.3273845563 0.3144990688
0.4385 0.3162329741 0.3247219842 0.3162303974
0.439 0.3179224096 0.321928049 0.3179198191
0.4395 0.3195733484 0.3190084254 0.3195707444
0.44 0.3211892161 0.3159690068 0.321186599
0.4405 0.322773444 0.3128158944 0.322770814
0.441 0.3243294589 0.3095553848 0.3243268161
0.4415 0.3258606734 0.3061939571 0.3258580182
0.442 0.3273704766 0.3027382604 0.3273678091
0.4425 0.3288622243 0.2991951 0.3288595447
0.443 0.3303392298 0.2955714235 0.3303365381
0.4435 0.3318047542 0.2918743067 0.3318020505
0.444 0.3332619977 0.2881109393 0.3332592822
0.4445 0.3347140907 0.2842886095 0.3347113634
0.445 0.3361640848 0.2804146894 0.3361613456
0.4455 0.3376149443 0.2764966192 0.3376121933
0.446 0.3390695382 0.2725418921 0.3390667754
0.4465 0.3405306322 0.2685580383 0.3405278575
0.447 0.3420008806 0.2645526088 0.3419980939
0.4475 0.3434828193 0.2605331603 0.3434800205
0.448 0.3449788586 0.2565072383 0.3449760476
0.4485 0.3464912761 0.2524823614 0.3464884528
0.449 0.3480222108 0.2484660052 0.3480193751
0.4495 0.3495736566 0.244465586 0.3495708082
0.45 0.3511474568 0.2404884455 0.3511445956
0.4505 0.3527452987 0.2365418339 0.3527424244
0.451 0.3543687085 0.232632895 0.354365821
0.4515 0.3560190471 0.2287686504 0.3560161462
0.452 0.3576975059 0.224955984 0.3576945913
0.4525 0.3594051029 0.221201627 0.3594021744
0.453 0.3611426797 0.217512143 0.361139737
0.4535 0.3629108984 0.2138939136 0.3629079413
0.454 0.3647102394 0.2103531242 0.3647072677
0.4545 0.3665409996 0.2068957501 0.366538013
0.455 0.3684032907 0.2035275431 0.3684002889
0.4555 0.3702970381 0.2002540187 0.3702940208
0.456 0.3722219805 0.1970804434 0.3722189476
0.4565 0.3741776699 0.1940118228 0.374174621
0.457 0.3761634715 0.1910528901 0.3761604064
0.4575 0.3781785649 0.1882080954 0.3781754835
0.458 0.3802219454 0.1854815947 0.3802188473
0.4585 0.3822924252 0.1828772409 0.3822893102
0.459 0.3843886359 0.1803985742 0.3843855038
0.4595 0.3865090311 0.1780488139 0.3865058817
0.46 0.3886518892 0.1758308501 0.3886487224
0.4605 0.390815317 0.1737472373 0.3908121325
0.461 0.3929972533 0.1718001872 0.3929940511
0.4615 0.3951954735 0.1699915634 0.3951922534
0.462 0.397407594 0.1683228764 0.3974043558
0.4625 0.3996310771 0.1667952792 0.3996278208
0.463 0.4018632366 0.165409564 0.4018599621
0.4635 0.4041012436 0.1641661592 0.4040979509
0.464 0.4063421326 0.1630651279 0.4063388216
0.4645 0.4085828074 0.1621061661 0.4085794782
0.465 0.4108200486 0.1612886029 0.4108167012
0.4655 0.4130505203 0.1606114009 0.4130471547
0.466 0.4152707773 0.1600731567 0.4152673936
0.4665 0.4174772728 0.159672104 0.4174738711
0.467 0.4196663662 0.1594061153 0.4196629467
0.4675 0.4218343314 0.1592727062 0.4218308942
0.468 0.4239773647 0.1592690396 0.42397391
0.4685 0.4260915934 0.1593919307 0.4260881216
0.469 0.4281730847 0.1596378528 0.4281695959
0.4695 0.4302178541 0.1600029443 0.4302143486
0.47 0.4322218744 0.1604830159 0.4322183525
0.4705 0.4341810849 0.1610735586 0.4341775471
0.471 0.4360914005 0.1617697527 0.4360878471
0.4715 0.4379487207 0.1625664775 0.4379451522
0.472 0.439748939 0.1634583211 0.4397453558
0.4725 0.441487952 0.1644395914 0.4414843547
0.473 0.4431616689 0.1655043281 0.443158058
0.4735 0.4447660206 0.1666463142 0.4447623966
0.474 0.4462969689 0.1678590887 0.4462933323
0.4745 0.4477505155 0.1691359607 0.4477468671
0.475 0.4491227114 0.1704700222 0.4491190519
0.4755 0.4504096659 0.1718541631 0.4504059958
0.476 0.4516075548 0.1732810857 0.451603875
0.4765 0.4527126301 0.1747433202 0.4527089413
0.477 0.4537212275 0.1762332403 0.4537175304
0.4775 0.4546297756 0.177743079 0.4546260711
0.478 0.4554348036 0.1792649454 0.4554310927
0.4785 0.4561329497 0.1807908414 0.456129233
0.479 0.456720968 0.1823126785 0.4567172465
0.4795 0.4571957368 0.1838222953 0.4571920115
0.48 0.4575542654 0.1853114748 0.4575505372
0.4805 0.4577937011 0.1867719623 0.4577899709
0.481 0.4579113355 0.1881954831 0.4579076043
0.4815 0.4579046114 0.1895737604 0.4579008803
0.482 0.4577711281 0.1908985332 0.457767398
0.4825 0.4575086473 0.1921615744 0.4575049195
0.483 0.4571150986 0.1933547089 0.457111374
0.4835 0.4565885839 0.1944698314 0.4565848635
0.484 0.4559273821 0.1954989241 0.4559236671
0.4845 0.4551299532 0.1964340747 0.4551262447
0.485 0.4541949423 0.1972674938 0.4541912414
0.4855 0.4531211823 0.1979915325 0.4531174901
0.486 0.4519076973 0.198598699 0.4519040151
0.4865 0.4505537049 0.1990816759 0.4505500337
0.487 0.4490586183 0.1994333366 0.4490549593
0.4875 0.4474220477 0.1996467614 0.447418402
0.488 0.4456438017 0.1997152533 0.4456401705
0.4885 0.443723888 0.1996323535 0.4437202724
0.489 0.4416625136 0.1993918562 0.4416589148
0.4895 0.4394600848 0.1989878229 0.439456504
0.49 0.4371172067 0.1984145966 0.437113645
0.4905 0.4346346818 0.1976668149 0.4346311403
0.491 0.4320135089 0.1967394232 0.4320099888
0.4915 0.4292548814 0.1956276861 0.4292513837
0.492 0.4263601844 0.1943271999 0.4263567103
0.4925 0.4233309926 0.1928339027 0.4233275432
0.493 0.4201690669 0.1911440852 0.4201656433
0.4935 0.4168763507 0.1892543997 0.4168729539
0.494 0.4134549664 0.1871618692 0.4134515975
0.4945 0.4099072107 0.1848638952 0.4099038707
0.495 0.40623555 0.1823582652 0.4062322399
0.4955 0.4024426155 0.179643159 0.4024393363
0.496 0.3985311975 0.1767171543 0.3985279502
0.4965 0.3945042401 0.1735792318 0.3945010256
0.497 0.3903648344 0.1702287789 0.3903616536
0.4975 0.3861162127 0.1666655932 0.3861130666
0.498 0.3817617418 0.1628898847 0.3817586311
0.4985 0.3773049153 0.1589022772 0.3773018409
0.499 0.3727493473 0.1547038092 0.3727463101
0.4995 0.3680987642 0.1502959334 0.3680957648
0.5 0.3633569972 0.1456805159 0.3560073203
0.5005 0.3585279743 0.1408598339 0.3585307047
0.501 0.3536157123 0.1358365734 0.3536297675
0.5015 0.348624308 0.130613825 0.3486552848
0.502 0.3435579302 0.1251950797 0.3436113698
0.5025 0.3384208108 0.1195842237 0.3385021805
0.503 0.3332172362 0.1137855318 0.3333319114
0.5035 0.327951538 0.1078036608 0.3281047845
0.504 0.3226280846 0.1016436416 0.3228250408
0.5045 0.3172512719 0.09531087046 0.3174969318
0.505 0.3118255141 0.08881109984 0.3118229733
0.5055 0.3063552351 0.08215042817 0.3063527389
0.506 0.3008448589 0.075335289 0.3008424075
0.5065 0.2952988008 0.0683724395 0.2952963946
0.507 0.2897214585 0.06126894813 0.2897190978
0.5075 0.2841172029 0.05403218171 0.2841148878
0.508 0.2784903693 0.04666979189 0.2784881001
0.5085 0.2728452488 0.03918970096 0.2728430256
0.509 0.2671860796 0.03160008702 0.2671839025
0.5095 0.2615170383 0.02390936872 0.2615149074
0.51 0.2558422317 0.01612618935 0.2558401471
0.5105 0.2501656888 0.008259400556 0.2501636504
0.511 0.2444913526 0.0003180454647 0.2444893604
0.5115 0.2388230724 -0.0076886585 0.2388211264
0.512 0.2331645964 -0.01575133726 0.2331626965
0.5125 0.2275195644 -0.02386047804 0.2275177106
0.513 0.2218915009 -0.03200644767 0.2218896929
0.5135 0.2162838081 -0.04017951117 0.2162820458
0.514 0.2106997597 -0.04836985054 0.2106980429
0.5145 0.205142495 -0.05656758375 0.2051408235
0.515 0.1996150127 -0.06476278398 0.1996133862
0.5155 0.1941201657 -0.07294549884 0.194118584
0.516 0.1886606562 -0.08110576982 0.188659119
0.5165 0.1832390306 -0.08923365167 0.1832375375
0.517 0.1778576754 -0.0973192318 0.1778562262
0.5175 0.1725188133 -0.1053526497 0.1725174076
0.518 0.1672244993 -0.1133241164 0.1672231367
0.5185 0.1619766179 -0.1212239332 0.1619752981
0.519 0.1567768801 -0.1290425112 0.1567756027
0.5195 0.1516268212 -0.1367703899 0.1516255857
0.52 0.1465277988 -0.1443982558 0.1465266049
0.5205 0.1414809911 -0.1519169607 0.1414798383
0.521 0.1364873962 -0.1593175396 0.136486284
0.5215 0.1315478309 -0.1665912288 0.1315467591
0.522 0.1266629312 -0.1737294825 0.1266618991
0.5225 0.1218331517 -0.1807239899 0.121832159
0.523 0.1170587667 -0.1875666919 0.1170578129
0.5235 0.112339871 -0.1942497963 0.1123389557
0.524 0.1076763818 -0.2007657937 0.1076755044
0.5245 0.1030680398 -0.2071074721 0.1030672
0.525 0.09851441226 -0.2132679308 0.09851360955
0.5255 0.09401489526 -0.2192405944 0.0940141292
0.526 0.08956871692 -0.2250192254 0.0895679871
0.5265 0.08517494095 -0.2305979364 0.08517424692
0.527 0.08083247043 -0.2359712019 0.08083181179
0.5275 0.07654005214 -0.2411338687 0.07653942847
0.528 0.07229628116 -0.2460811664 0.07229569207
0.5285 0.06809960584 -0.250808716 0.06809905095
0.529 0.06394833313 -0.2553125391 0.06394781206
0.5295 0.05984063424 -0.2595890649 0.05984014664
0.53 0.05577455058 -0.2636351373 0.05577409612
0.5305 0.05174800009 -0.2674480212 0.05174757843
0.531 0.04775878372 -0.2710254068 0.04775839457
0.5315 0.04380459233 -0.2743654146 0.0438042354
0.532 0.03988301376 -0.2774665985 0.03988268879
0.5325 0.03599154017 -0.2803279483 0.03599124691
0.533 0.03212757557 -0.282948891 0.03212731379
0.5335 0.02828844361 -0.2853292921 0.02828821311
0.534 0.02447139551 -0.2874694549 0.02447119611
0.5345 0.02067361819 -0.2893701196 0.02067344973
0.535 0.01689224252 -0.2910324614 0.01689210488
0.5355 0.01312435176 -0.2924580873 0.01312424482
0.536 0.009366990004 -0.2936490327 0.009366913679
0.5365 0.005617170836 -0.2946077566 0.005617125066
0.537 0.00187188598 -0.295337136 0.001871870727
0.5375 -0.00187188598 -0.2958404599 -0.001871870727
0.538 -0.005617170836 -0.2961214215 -0.005617125066
0.5385 -0.009366990004 -0.2961841106 -0.009366913679
0.539 -0.01312435176 -0.2960330047 -0.01312424482
0.5395 -0.01689224252 -0.2956729593 -0.01689210488
0.54 -0.02067361819 -0.2951091974 -0.02067344973
0.5405 -0.02447139551 -0.2943472984 -0.02447119611
0.541 -0.02828844361 -0.2933931861 -0.02828821311
0.5415 -0.03212757557 -0.2922531165 -0.03212731379
0.542 -0.03599154017 -0.2909336637 -0.03599124691
0.5425 -0.03988301376 -0.2894417069 -0.03988268879
0.543 -0.04380459233 -0.2877844152 -0.0438042354
0.5435 -0.04775878372 -0.2859692326 -0.04775839457
0.544 -0.05174800009 -0.2840038623 -0.05174757843
0.5445 -0.05577455058 -0.2818962506 -0.05577409612
0.545 -0.05984063424 -0.2796545698 -0.05984014664
0.5455 -0.06394833313 -0.2772872016 -0.06394781206
0.546 -0.06809960584 -0.2748027186 -0.06809905095
0.5465 -0.07229628116 -0.2722098673 -0.07229569207
0.547 -0.07654005214 -0.2695175488 -0.07653942847
0.5475 -0.08083247043 -0.2667348009 -0.08083181179
0.548 -0.08517494095 -0.2638707785 -0.08517424692
0.5485 -0.08956871692 -0.260934735 -0.0895679871
0.549 -0.09401489526 -0.2579360025 -0.0940141292
0.5495 -0.09851441226 -0.2548839724 -0.09851360955
0.55 -0.1030680398 -0.2517880759 -0.1030672
0.5505 -0.1076763818 -0.2486577642 -0.1076755044
0.551 -0.112339871 -0.2455024887 -0.1123389557
0.5515 -0.1170587667 -0.2423316813 -0.1170578129
0.552 -0.1218331517 -0.2391547347 -0.121832159
0.5525 -0.1266629312 -0.2359809829 -0.1266618991
0.553 -0.1315478309 -0.2328196818 -0.1315467591
0.5535 -0.1364873962 -0.2296799897 -0.136486284
0.554 -0.1414809911 -0.2265709485 -0.1414798383
0.5545 -0.1465277988 -0.2235014646 -0.1465266049
0.555 -0.1516268212 -0.2204802906 -0.1516255857
0.5555 -0.1567768801 -0.2175160072 -0.1567756027
0.556 -0.1619766179 -0.2146170052 -0.1619752981
0.5565 -0.1672244993 -0.211791468 -0.1672231367
0.557 -0.1725188133 -0.2090473549 -0.1725174076
0.5575 -0.1778576754 -0.2063923846 -0.1778562262
0.558 -0.1832390306 -0.2038340189 -0.1832375375
0.5585 -0.1886606562 -0.2013794476 -0.188659119
0.559 -0.1941201657 -0.1990355737 -0.194118584
0.5595 -0.1996150127 -0.1968089988 -0.1996133862
0.56 -0.205142495 -0.1947060097 -0.2051408235
0.5605 -0.2106997597 -0.1927325656 -0.2106980429
0.561 -0.2162838081 -0.1908942856 -0.2162820458
0.5615 -0.2218915009 -0.1891964372 -0.2218896929
0.562 -0.2275195644 -0.1876439258 -0.2275177106
0.5625 -0.2331645964 -0.1862412844 -0.2331626965
0.563 -0.2388230724 -0.1849926641 -0.2388211264
0.5635 -0.2444913526 -0.1839018265 -0.2444893604
0.564 -0.2501656888 -0.1829721352 -0.2501636504
0.5645 -0.2558422317 -0.1822065494 -0.2558401471
0.565 -0.2615170383 -0.1816076181 -0.2615149074
0.5655 -0.2671860796 -0.1811774747 -0.2671839025
0.566 -0.2728452488 -0.1809178331 -0.2728430256
0.5665 -0.2784903693 -0.180829984 -0.2784881001
0.567 -0.2841172029 -0.180914793 -0.2841148878
0.5675 -0.2897214585 -0.1811726985 -0.2897190978
0.568 -0.2952988008 -0.1816037114 -0.2952963946
0.5685 -0.3008448589 -0.1822074153 -0.3008424075
0.569 -0.3063552351 -0.1829829675 -0.3063527389
0.5695 -0.3118255141 -0.183929101 -0.3118229733
0.57 -0.3172512719 -0.1850441276 -0.3172486868
0.5705 -0.3226280846 -0.1863259416 -0.3226254558
0.571 -0.327951538 -0.1877720244 -0.3279488658
0.5715 -0.3332172362 -0.18937945 -0.3332145211
0.572 -0.3384208108 -0.1911448915 -0.3384180533
0.5725 -0.3435579302 -0.1930646282 -0.3435551308
0.573 -0.348624308 -0.1951345536 -0.3486214673
0.5735 -0.3536157123 -0.1973501843 -0.3536128309
0.574 -0.3585279743 -0.1997066694 -0.358525053
0.5745 -0.3633569972 -0.2021988012 -0.3633540365
0.575 -0.3680987642 -0.204821026 -0.3680957648
0.5755 -0.3727493473 -0.207567456 -0.3727463101
0.576 -0.3773049153 -0.2104318817 -0.3773018409
0.5765 -0.3817617418 -0.2134077856 -0.3817586311
0.577 -0.3861162127 -0.2164883551 -0.3861130666
0.5775 -0.3903648344 -0.2196664977 -0.3903616536
0.578 -0.3945042401 -0.2229348555 -0.3945010256
0.5785 -0.3985311975 -0.226285821 -0.3985279502
0.579 -0.4024426155 -0.2297115532 -0.4024393363
0.5795 -0.40623555 -0.2332039936 -0.4062322399
0.58 -0.4099072107 -0.2367548839 -0.4099038707
0.5805 -0.4134549664 -0.2403557827 -0.4134515975
0.581 -0.4168763507 -0.2439980838 -0.4168729539
0.5815 -0.4201690669 -0.2476730337 -0.4201656433
0.582 -0.4233309926 -0.2513717505 -0.4233275432
0.5825 -0.4263601844 -0.2550852421 -0.4263567103
0.583 -0.4292548814 -0.2588044255 -0.4292513837
0.5835 -0.4320135089 -0.2625201452 -0.4320099888
0.584 -0.4346346818 -0.2662231929 -0.4346311403
0.5845 -0.4371172067 -0.2699043264 -0.437113645
0.585 -0.4394600848 -0.2735542894 -0.439456504
0.5855 -0.4416625136 -0.2771638299 -0.4416589148
0.586 -0.443723888 -0.2807237207 -0.4437202724
0.5865 -0.4456438017 -0.2842247777 -0.4456401705
0.587 -0.4474220477 -0.2876578794 -0.447418402
0.5875 -0.4490586183 -0.2910139859 -0.4490549593
0.588 -0.4505537049 -0.2942841579 -0.4505500337
0.5885 -0.4519076973 -0.2974595748 -0.4519040151
0.589 -0.4531211823 -0.3005315535 -0.4531174901
0.5895 -0.4541949423 -0.3034915663 -0.4541912414
0.59 -0.4551299532 -0.3063312585 -0.4551262447
0.5905 -0.4559273821 -0.3090424661 -0.4559236671
0.591 -0.4565885839 -0.3116172321 -0.4565848635
0.5915 -0.4571150986 -0.3140478237 -0.457111374
0.592 -0.4575086473 -0.3163267479 -0.4575049195
0.5925 -0.4577711281 -0.318446767 -0.457767398
0.593 -0.4579046114 -0.3204009139 -0.4579008803
0.5935 -0.4579113355 -0.3221825063 -0.4579076043
0.594 -0.4577937011 -0.3237851604 -0.4577899709
0.5945 -0.4575542654 -0.3252028044 -0.4575505372
0.595 -0.4571957368 -0.3264296907 -0.4571920115
0.5955 -0.456720968 -0.3274604082 -0.4567172465
0.596 -0.4561329497 -0.3282898929 -0.456129233
0.5965 -0.4554348036 -0.3289134389 -0.4554310927
0.597 -0.4546297756 -0.3293267078 -0.4546260711
0.5975 -0.4537212275 -0.3295257378 -0.4537175304
0.598 -0.4527126301 -0.3295069516 -0.4527089413
0.5985 -0.4516075548 -0.3292671642 -0.451603875
0.599 -0.4504096659 -0.3288035889 -0.4504059958
0.5995 -0.4491227114 -0.3281138437 -0.4491190519
0.6 -0.4477505155 -0.3271959558 -0.4477468671
0.6005 -0.4462969689 -0.3260483656 -0.4462933323
0.601 -0.4447660206 -0.3246699305 -0.4447623966
0.6015 -0.4431616689 -0.3230599265 -0.443158058
0.602 -0.441487952 -0.3212180504 -0.4414843547
0.6025 -0.439748939 -0.3191444201 -0.4397453558
0.603 -0.4379487207 -0.3168395746 -0.4379451522
0.6035 -0.4360914005 -0.3143044729 -0.4360878471
0.604 -0.4341810849 -0.3115404921 -0.4341775471
0.6045 -0.4322218744 -0.3085494247 -0.4322183525
0.605 -0.4302178541 -0.3053334752 -0.4302143486
0.6055 -0.4281730847 -0.3018952554 -0.4281695959
0.606 -0.4260915934 -0.2982377796 -0.4260881216
0.6065 -0.4239773647 -0.2943644582 -0.42397391
0.607 -0.4218343314 -0.2902790912 -0.4218308942
0.6075 -0.4196663662 -0.2859858605 -0.4196629467
0.608 -0.4174772728 -0.2814893217 -0.4174738711
0.6085 -0.4152707773 -0.276794395 -0.4152673936
0.609 -0.4130505203 -0.2719063553 -0.4130471547
0.6095 -0.4108200486 -0.266830822 -0.4108167012
0.61 -0.4085828074 -0.2615737477 -0.4085794782
0.6105 -0.4063421326 -0.2561414064 -0.4063388216
0.611 -0.4041012436 -0.2505403813 -0.4040979509
0.6115 -0.4018632366 -0.2447775517 -0.4018599621
0.612 -0.3996310771 -0.2388600794 -0.3996278208
0.6125 -0.397407594 -0.2327953945 -0.3974043558
0.613 -0.3951954735 -0.2265911813 -0.3951922534
0.6135 -0.3929972533 -0.2202553628 -0.3929940511
0.614 -0.390815317 -0.2137960854 -0.3908121325
0.6145 -0.3886518892 -0.2072217028 -0.3886487224
0.615 -0.3865090311 -0.20054076 -0.3865058817
0.6155 -0.3843886359 -0.1937619766 -0.3843855038
0.616 -0.3822924252 -0.1868942298 -0.3822893102
0.6165 -0.3802219454 -0.1799465373 -0.3802188473
0.617 -0.3781785649 -0.17292804 -0.3781754835
0.6175 -0.3761634715 -0.1658479842 -0.3761604064
0.618 -0.3741776699 -0.1587157041 -0.374174621
0.6185 -0.3722219805 -0.1515406035 -0.3722189476
0.619 -0.3702970381 -0.1443321385 -0.3702940208
0.6195 -0.3684032907 -0.1370997989 -0.3684002889
0.62 -0.3665409996 -0.1298530907 -0.366538013
0.6205 -0.3647102394 -0.1226015177 -0.3647072677
0.621 -0.3629108984 -0.115354564 -0.3629079413
0.6215 -0.3611426797 -0.1081216759 -0.361139737
0.622 -0.3594051029 -0.1009122444 -0.3594021744
0.6225 -0.3576975059 -0.09373558802 -0.3576945913
0.623 -0.3560190471 -0.08660093489 -0.3560161462
0.6235 -0.3543687085 -0.07951740633 -0.354365821
0.624 -0.3527452987 -0.07249399993 -0.3527424244
0.6245 -0.3511474568 -0.06553957314 -0.3511445956
0.625 -0.3495736566 -0.05866282729 -0.3495708082
0.6255 -0.3480222108 -0.05187229186 -0.3480193751
0.626 -0.3464912761 -0.0451763093 -0.3464884528
0.6265 -0.3449788586 -0.03858302016 -0.3449760476
0.627 -0.3434828193 -0.03210034883 -0.3434800205
0.6275 -0.3420008806 -0.02573598967 -0.3419980939
0.628 -0.3405306322 -0.01949739372 -0.3405278575
0.6285 -0.3390695382 -0.01339175593 -0.3390667754
0.629 -0.3376149443 -0.007426003055 -0.3376121933
0.6295 -0.3361640848 -0.001606782017 -0.3361613456
0.63 -0.3347140907 0.004059551004 -0.3347113634
0.6305 -0.3332619977 0.009566940881 -0.3332592822
0.631 -0.3318047542 0.01490964318 -0.3318020505
0.6315 -0.3303392298 0.02008223313 -0.3303365381
0.632 -0.3288622243 0.0250796139 -0.3288595447
0.6325 -0.3273704766 0.02989702412 -0.3273678091
0.633 -0.3258606734 0.0345300448 -0.3258580182
0.6335 -0.3243294589 0.03897460534 -0.3243268161
0.634 -0.322773444 0.043226989 -0.322770814
0.6345 -0.3211892161 0.04728383746 -0.321186599
0.635 -0.3195733484 0.05114215468 -0.3195707444
0.6355 -0.3179224096 0.05479931005 -0.3179198191
0.636 -0.3162329741 0.05825304072 -0.3162303974
0.6365 -0.3145016314 0.06150145315 -0.3144990688
0.637 -0.3127249961 0.06454302399 -0.312722448
0.6375 -0.3108997176 0.06737660008 -0.3108971844
0.638 -0.3090224899 0.07000139782 -0.3090199719
0.6385 -0.3070900613 0.07241700167 -0.3070875591
0.639 -0.3050992442 0.07462336199 -0.3050967582
0.6395 -0.3030469243 0.07662079213 -0.303044455
0.64 -0.3009300702 0.07840996474 -0.3009276182
0.6405 -0.2987457428 0.07999190746 -0.2987433086
0.641 -0.2964911042 0.08136799785 -0.2964886883
0.6415 -0.2941634264 0.08253995762 -0.2941610295
0.642 -0.2917601005 0.08350984628 -0.2917577232
0.6425 -0.2892786449 0.084280054 -0.2892762878
0.643 -0.2867167132 0.08485329401 -0.286714377
0.6435 -0.2840721027 0.08523259423 -0.284069788
0.644 -0.2813427617 0.08542128841 -0.2813404693
0.6445 -0.278526797 0.08542300666 -0.2785245275
0.645 -0.2756224806 0.08524166547 -0.2756202347
0.6455 -0.2726282568 0.08488145718 -0.2726260354
0.646 -0.2695427484 0.08434683896 -0.2695405521
0.6465 -0.2663647623 0.08364252135 -0.266362592
0.647 -0.2630932955 0.08277345633 -0.2630911518
0.6475 -0.2597275399 0.08174482504 -0.2597254236
0.648 -0.2562668871 0.08056202502 -0.256264799
0.6485 -0.252710933 0.07923065721 -0.2527088738
0.649 -0.249059481 0.07775651258 -0.2490574516
0.6495 -0.2453125461 0.07614555845 -0.2453105473
0.65 -0.2414703574 0.07440392459 -0.2414683899
0.6505 -0.2375333607 0.07253788911 -0.2375314252
0.651 -0.2335022202 0.07055386413 -0.2335003176
0.6515 -0.2293778207 0.06845838127 -0.2293759517
0.652 -0.2251612678 0.06625807711 -0.2251594332
0.6525 -0.2208538889 0.06395967844 -0.2208520894
0.653 -0.2164572331 0.06156998754 -0.2164554694
0.6535 -0.2119730706 0.05909586738 -0.2119713434
0.654 -0.207403392 0.0565442269 -0.207401702
0.6545 -0.2027504064 0.05392200621 -0.2027487543
0.655 -0.1980165397 0.05123616203 -0.1980149262
0.6555 -0.1932044322 0.04849365304 -0.1932028579
0.656 -0.1883169353 0.04570142557 -0.1883154008
0.6565 -0.1833571081 0.04286639929 -0.1833556141
0.657 -0.1783282139 0.03999545323 -0.1783267608
0.6575 -0.1732337149 0.03709541191 -0.1732323034
0.658 -0.1680772682 0.03417303184 -0.1680758986
0.6585 -0.1628627197 0.03123498825 -0.1628613927
0.659 -0.1575940988 0.02828786215 -0.1575928147
0.6595 -0.1522756118 0.02533812773 -0.152274371
0.66 -0.1469116353 0.02239214011 -0.1469104382
0.6605 -0.1415067092 0.01945612356 -0.1415055561
0.661 -0.1360655289 0.01653616007 -0.1360644202
0.6615 -0.1305929378 0.01363817834 -0.1305918737
0.662 -0.1250939186 0.01076794335 -0.1250928993
0.6625 -0.1195735849 0.007931046299 -0.1195726106
0.663 -0.114037172 0.005132895094 -0.1140362428
0.6635 -0.108490028 0.002378705383 -0.108489144
0.664 -0.1029376036 -0.000326507898 -0.1029367649
0.6645 -0.09738544285 -0.002977938417 -0.09738464933
0.665 -0.09183917234 -0.005570995758 -0.09183842401
0.6655 -0.08630449124 -0.008101312157 -0.08630378801
0.666 -0.0807871605 -0.01056474864 -0.08078650223
0.6665 -0.07529299198 -0.01295740056 -0.07529237848
0.667 -0.06982783751 -0.01527560249 -0.06982726854
0.6675 -0.06439757765 -0.01751593257 -0.06439705292
0.668 -0.05900811039 -0.01967521613 -0.05900762958
0.6685 -0.05366533975 -0.02175052874 -0.05366490247
0.669 -0.04837516423 -0.02373919863 -0.04837477006
0.6695 -0.04314346528 -0.02563880845 -0.04314311374
0.67 -0.03797609564 -0.02744719641 -0.0379757862
0.6705 -0.03287886774 -0.02916245678 -0.03287859983
0.671 -0.02785754205 -0.03078293977 -0.02785731506
0.6715 -0.02291781553 -0.03230725076 -0.02291762879
0.672 -0.01806531009 -0.03373424896 -0.01806516289
0.6725 -0.01330556111 -0.03506304543 -0.01330545269
0.673 -0.008644006136 -0.03629300048 -0.008643935702
0.6735 -0.00408597367 -0.03742372051 -0.004085940377
0.674 0.0003633279016 -0.03845505426 0.0003633249411
0.6745 0.004698821174 -0.0393870885 0.004698782887
0.675 0.008915570399 -0.04022014316 0.008915497753
0.6755 0.01300879194 -0.04095476595 0.01300868594
0.676 0.01697386445 -0.04159172639 0.01697372615
0.6765 0.02080633886 -0.04213200944 0.02080616933
0.677 0.02450194796 -0.04257680858 0.02450174831
0.6775 0.02805661576 -0.04292751846 0.02805638715
0.678 0.0314664665 -0.04318572708 0.03146621011
0.6785 0.03472783328 -0.04335320759 0.03472755031
0.679 0.03783726634 -0.04343190968 0.03783695803
0.6795 0.04079154095 -0.04342395057 0.04079120857
0.68 0.04358766491 -0.04333160574 0.04358730975
0.6805 0.04622288557 -0.04315729925 0.04622250894
0.681 0.04869469651 -0.0429035938 0.04869429974
0.6815 0.05100084365 -0.04257318054 0.05100042809
0.682 0.05313933099 -0.04216886864 0.053138898
0.6825 0.05510842579 -0.04169357461 0.05510797675
0.683 0.05690666335 -0.0411503115 0.05690619966
0.6835 0.0585328512 -0.04054217789 0.05853237426
0.684 0.05998607279 -0.03987234678 0.05998558401
0.6845 0.06126569075 -0.03914405443 0.06126519154
0.685 0.06237134945 -0.03836058901 0.06237084123
0.6855 0.0633029772 -0.03752527935 0.06330246139
0.686 0.06406078778 -0.03664148362 0.0640602658
0.6865 0.06464528149 -0.03571257801 0.06464475474
0.687 0.06505724562 -0.03474194552 0.06505671552
0.6875 0.06529775438 -0.03373296477 0.06529722232
0.688 0.06536816825 -0.03268899897 0.06536763562
0.6885 0.06527013284 -0.03161338499 0.06526960101
0.689 0.06500557711 -0.03050942261 0.06500504743
0.6895 0.06457671108 -0.02938036398 0.06457618489
0.69 0.06398602303 -0.02822940324 0.06398550166
0.6905 0.0632362761 -0.02705966647 0.06323576084
0.691 0.06233050438 -0.02587420182 0.0623299965
0.6915 0.06127200844 -0.02467597004 0.06127150918
0.692 0.06006435041 -0.02346783521 0.06006386099
0.6925 0.05871134844 -0.02225255591 0.05871087005
0.693 0.05721707077 -0.02103277668 0.05721660455
0.6935 0.05558582922 -0.01981101996 0.05558537629
0.694 0.05382217224 -0.01858967834 0.05382173368
0.6945 0.05193087749 -0.01737100725 0.05193045434
0.695 0.04991694397 -0.01615711819 0.04991653724
0.6955 0.04778558371 -0.01494997228 0.04778519434
0.696 0.04554221301 -0.01375137437 0.04554184192
0.6965 0.04319244334 -0.01256296766 0.0431920914
0.697 0.04074207178 -0.01138622873 0.04074173981
0.6975 0.03819707118 -0.01022246318 0.03819675994
0.698 0.03556357985 -0.009072801764 0.03556329007
0.6985 0.03284789105 -0.007938197023 0.0328476234
0.699 0.03005644208 -0.006819420522 0.03005619718
0.6995 0.02719580316 -0.005717060594 0.02719558156
0.7 0.02427266594 -0.004631520658 0.02427246817
0.7005 0.0212938319 -0.003563018094 0.02129365839
0.701 0.01826620041 -0.002511583674 0.01826605157
0.7015 0.01519675668 -0.001477061561 0.01519663285
0.702 0.01209255951 -0.0004591098687 0.01209246098
0.7025 0.008960728889 0.0005427982203 0.008960655875
0.703 0.005808433458 0.001529372777 0.00580838613
0.7035 0.002642877918 0.002501504897 0.002642856383
0.704 -0.0005287096676 0.003460263926 -0.0005287053596
0.7045 -0.003699090608 0.004406894146 -0.003699060467
0.705 -0.006861028337 0.00534281093 -0.006860972432
0.7055 -0.01000730117 0.006269596379 -0.01000721963
0.706 -0.01313071501 0.007188994454 -0.01313060802
0.7065 -0.01622411604 0.008102905596 -0.01622398384
0.707 -0.01928040329 0.009013380888 -0.01928024619
0.7075 -0.02229254111 0.009922615731 -0.02229235947
0.708 -0.02525357156 0.01083294308 -0.02525336579
0.7085 -0.02815662655 0.01174682625 -0.02815639712
0.709 -0.03099493991 0.01266685128 -0.03099468736
0.7095 -0.03376185918 0.01359571896 -0.03376158408
0.71 -0.03645085719 0.0145362364 -0.03645056018
0.7105 -0.03905554343 0.01549130835 -0.0390552252
0.711 -0.0415696751 0.01646392809 -0.04156933638
0.7115 -0.04398716787 0.01745716809 -0.04398680945
0.712 -0.04630210637 0.01847417032 -0.04630172909
0.7125 -0.04850875431 0.01951813639 -0.04850835905
0.713 -0.05060156423 0.02059231735 -0.05060115192
0.7135 -0.05257518693 0.02170000337 -0.05257475853
0.714 -0.05442448044 0.02284451324 -0.05442403697
0.7145 -0.05614451863 0.02402918362 -0.05614406115
0.715 -0.0577305994 0.0252573583 -0.057730129
0.7155 -0.05917825237 0.02653237727 -0.05917777017
0.716 -0.06048324617 0.02785756575 -0.06048275334
0.7165 -0.06164159522 0.0292362232 -0.06164109295
0.717 -0.06264956607 0.03067161227 -0.06264905558
0.7175 -0.06350368319 0.03216694784 -0.06350316575
0.718 -0.06420073432 0.03372538603 -0.0642002112
0.7185 -0.06473777521 0.03535001333 -0.06473724771
0.719 -0.06511213394 0.03704383586 -0.0651116034
0.7195 -0.06532141464 0.03880976865 -0.06532088238
0.72 -0.06536350066 0.04065062523 -0.06536296807
0.7205 -0.06523655729 0.04256910731 -0.06523602573
0.721 -0.06493903378 0.04456779468 -0.06493850465
0.7215 -0.06446966499 0.04664913541 -0.06446913968
0.722 -0.06382747229 0.04881543623 -0.06382695221
0.7225 -0.06301176408 0.05106885332 -0.06301125064
0.723 -0.06202213564 0.05341138329 -0.06202163027
0.7235 -0.0608584685 0.05584485462 -0.06085797261
0.724 -0.05952092919 0.05837091937 -0.0595204442
0.7245 -0.05800996751 0.06099104538 -0.05800949483
0.725 -0.05632631422 0.06370650876 -0.05632585526
0.7255 -0.05447097822 0.06651838694 -0.05447053438
0.726 -0.05244524317 0.06942755208 -0.05244481584
0.7265 -0.05025066361 0.07243466501 -0.05025025416
0.727 -0.04788906057 0.07554016959 -0.04788867036
0.7275 -0.04536251668 0.07874428767 -0.04536214706
0.728 -0.0426733708 0.08204701449 -0.04267302309
0.7285 -0.03982421214 0.08544811468 -0.03982388765
0.729 -0.03681787395 0.08894711872 -0.03681757395
0.7295 -0.03365742674 0.09254332007 -0.0336571525
0.73 -0.03034617112 0.0962357728 -0.03034592385
0.7305 -0.0268876301 0.1000232898 -0.02688741101
0.731 -0.02328554115 0.1039044416 -0.02328535142
0.7315 -0.01954384777 0.1078775559 -0.01954368852
0.732 -0.01566669068 0.1119407173 -0.01566656302
0.7325 -0.01165839877 0.1160917681 -0.01165830378
0.733 -0.007523479636 0.1203283095 -0.007523418333
0.7335 -0.003266609822 0.1246477035 -0.003266583205
0.734 0.001107375179 0.1290470751 0.001107366155
0.7345 0.005593491227 0.1335233155 0.005593445651
0.735 0.01018661606 0.1380730855 0.01018653306
0.7355 0.01488150004 0.1426928201 0.01488137878
0.736 0.01967277708 0.1473787329 0.01967261678
0.7365 0.02455497576 0.1521268215 0.02455477568
0.737 0.0295225306 0.156932874 0.02952229004
0.7375 0.0345697934 0.1617924745 0.03456951172
0.738 0.03969104474 0.166701011 0.03969072133
0.7385 0.04488050554 0.1716536827 0.04488013984
0.739 0.05013234864 0.1766455078 0.05013194015
0.7395 0.05544071044 0.1816713325 0.05544025869
0.74 0.06079970252 0.1867258398 0.06079920711
0.7405 0.06620342325 0.1918035592 0.06620288381
0.741 0.07164596936 0.1968988765 0.07164538557
0.7415 0.07712144738 0.2020060441 0.07712081898
0.742 0.0826239851 0.2071191921 0.08262331186
0.7425 0.08814774277 0.2122323395 0.08814702452
0.743 0.09368692427 0.2173394051 0.09368616089
0.7435 0.09923578809 0.22243422 0.09923497949
0.744 0.104788658 0.2275105397 0.1047878042
0.7445 0.1103399339 0.2325620559 0.1103390348
0.745 0.1158841016 0.2375824099 0.1158831574
0.7455 0.1214157436 0.2425652051 0.1214147543
0.746 0.1269295484 0.2475040201 0.1269285142
0.7465 0.1324203201 0.2523924221 0.1324192412
0.747 0.1378829879 0.2572239801 0.1378818644
0.7475 0.1433126144 0.2619922783 0.1433114467
0.748 0.1487044049 0.2666909301 0.1487031932
0.7485 0.1540537147 0.2713135909 0.1540524595
0.749 0.1593560577 0.2758539723 0.1593547593
0.7495 0.1646071133 0.2803058557 0.164605772
0.75 0.1698027333 0.2846631052 0.1698013497
0.7505 0.1749389488 0.2889196816 0.1749375234
0.751 0.1800119764 0.2930696555 0.1800105096
0.7515 0.1850182233 0.2971072204 0.1850167157
0.752 0.1899542929 0.3010267057 0.1899527451
0.7525 0.1948169898 0.3048225895 0.1948154024
0.753 0.1996033235 0.3084895112 0.199601697
0.7535 0.2043105126 0.3120222835 0.2043088478
0.754 0.2089359881 0.3154159046 0.2089342857
0.7545 0.2134773961 0.3186655696 0.2134756566
0.755 0.2179326 0.3217666821 0.2179308242
0.7555 0.2222996826 0.3247148647 0.2222978713
0.756 0.2265769473 0.3275059695 0.2265751011
0.7565 0.230762919 0.3301360887 0.2307610387
0.757 0.2348563441 0.3326015633 0.2348544304
0.7575 0.2388561907 0.3348989929 0.2388542444
0.758 0.2427616477 0.3370252439 0.2427596697
0.7585 0.2465721239 0.3389774575 0.2465701148
0.759 0.250287246 0.3407530577 0.2502852066
0.7595 0.2539068565 0.3423497574 0.2539047876
0.76 0.2574310114 0.3437655655 0.2574289138
0.7605 0.2608599767 0.3449987922 0.2608578511
0.761 0.2641942252 0.3460480543 0.2641920725
0.7615 0.2674344322 0.3469122795 0.2674322531
0.762 0.2705814715 0.3475907102 0.2705792667
0.7625 0.2736364099 0.348082907 0.2736341802
0.763 0.2766005025 0.3483887506 0.2765982487
0.7635 0.2794751869 0.3485084443 0.2794729097
0.764 0.2822620768 0.3484425143 0.2822597768
0.7645 0.2849629559 0.3481918109 0.284960634
0.765 0.2875797712 0.3477575077 0.2875774279
0.7655 0.2901146256 0.3471411008 0.2901122616
0.766 0.2925697704 0.3463444071 0.2925673865
0.7665 0.294947598 0.345369562 0.2949451947
0.767 0.2972506335 0.3442190161 0.2972482114
0.7675 0.2994815263 0.3428955316 0.2994790861
0.768 0.3016430421 0.3414021777 0.3016405843
0.7685 0.3037380535 0.3397423257 0.3037355785
0.769 0.3057695314 0.3379196426 0.3057670399
0.7695 0.3077405358 0.3359380855 0.3077380283
0.77 0.3096542066 0.3338018935 0.3096516834
0.7705 0.3115137537 0.3315155805 0.3115112154
0.771 0.3133224481 0.3290839266 0.3133198951
0.7715 0.3150836116 0.326511969 0.3150810443
0.772 0.3168006076 0.3238049928 0.3167980263
0.7725 0.318476831 0.3209685199 0.318474236
0.773 0.3201156983 0.3180082993 0.3201130899
0.7735 0.3217206382 0.314930295 0.3217180168
0.774 0.3232950815 0.3117406746 0.3232924472
0.7745 0.3248424513 0.308445797 0.3248398045
0.775 0.3263661536 0.3050521996 0.3263634943
0.7755 0.3278695674 0.3015665848 0.3278668959
0.776 0.3293560353 0.2979958071 0.3293533516
0.7765 0.3308288542 0.2943468584 0.3308261585
0.777 0.332291266 0.2906268541 0.3322885584
0.7775 0.3337464486 0.2868430183 0.3337437292
0.778 0.335197507 0.2830026689 0.3351947758
0.7785 0.3366474647 0.2791132025 0.3366447217
0.779 0.3380992552 0.2751820786 0.3380965003
0.7795 0.3395557139 0.2712168045 0.3395529471
0.78 0.3410195701 0.2672249192 0.3410167914
0.7805 0.3424934396 0.2632139773 0.3424906488
0.781 0.3439798171 0.2591915336 0.3439770142
0.7815 0.3454810694 0.2551651264 0.3454782543
0.782 0.3469994287 0.2511422616 0.3469966013
0.7825 0.3485369862 0.2471303971 0.3485341463
0.783 0.3500956863 0.2431369259 0.3500928337
0.7835 0.3516773208 0.239169161 0.3516744552
0.784 0.3532835237 0.235234319 0.3532806451
0.7845 0.3549157669 0.2313395045 0.354912875
0.785 0.356575355 0.227491695 0.3565724496
0.7855 0.3582634221 0.2236977251 0.3582605029
0.786 0.3599809277 0.2199642718 0.3599779945
0.7865 0.3617286538 0.2162978397 0.3617257063
0.787 0.3635072022 0.2127047465 0.3635042403
0.7875 0.3653169925 0.209191109 0.3653140158
0.788 0.3671582598 0.2057628296 0.3671552681
0.7885 0.3690310537 0.2024255827 0.3690280468
0.789 0.3709352377 0.1991848021 0.3709322153
0.7895 0.3728704881 0.1960456688 0.3728674499
0.79 0.3748362946 0.1930130987 0.3748332404
0.7905 0.3768319605 0.1900917318 0.37682889
0.791 0.3788566037 0.1872859214 0.3788535167
0.7915 0.3809091582 0.1845997235 0.3809060545
0.792 0.3829883758 0.1820368878 0.3829852552
0.7925 0.3850928286 0.1796008483 0.3850896908
0.793 0.3872209113 0.1772947155 0.3872177561
0.7935 0.3893708447 0.1751212683 0.389367672
0.794 0.3915406791 0.1730829477 0.3915374888
0.7945 0.3937282986 0.17118185 0.3937250904
0.795 0.3959314248 0.1694197215 0.3959281986
0.7955 0.3981476221 0.1677979541 0.398144378
0.796 0.400374303 0.1663175808 0.4003710407
0.7965 0.4026087329 0.1649792728 0.4026054524
0.797 0.4048480367 0.163783337 0.4048447379
0.7975 0.4070892045 0.162729714 0.4070858874
0.798 0.4093290984 0.1618179778 0.4093257631
0.7985 0.4115644593 0.161047335 0.4115611058
0.799 0.4137919141 0.1604166262 0.4137885424
0.7995 0.4160079828 0.1599243266 0.4160045931
0.8 0.4182090865 0.1595685493 0.4182056788
0.8005 0.4203915552 0.1593470474 0.4203881297
0.801 0.422551636 0.1592572183 0.4225481929
0.8015 0.4246855012 0.1592961085 0.4246820407
0.802 0.4267892572 0.1594604184 0.4267857796
0.8025 0.4288589528 0.1597465091 0.4288554584
0.803 0.4308905884 0.1601504088 0.4308870774
0.8035 0.4328801247 0.1606678206 0.4328765975
0.804 0.4348234918 0.161294131 0.4348199487
0.8045 0.4367165983 0.162024419 0.4367130399
0.805 0.4385553409 0.1628534654 0.4385517674
0.8055 0.4403356129 0.1637757638 0.440332025
0.806 0.4420533142 0.1647855315 0.4420497123
0.8065 0.4437043602 0.165876721 0.4437007448
0.807 0.445284691 0.1670430328 0.4452810627
0.8075 0.4467902807 0.1682779276 0.4467866401
0.808 0.4482171465 0.1695746406 0.4482134943
0.8085 0.4495613578 0.1709261948 0.4495576947
0.809 0.4508190451 0.1723254159 0.4508153717
0.8095 0.4519864086 0.1737649472 0.4519827258
0.81 0.4530597273 0.1752372649 0.4530560357
0.8105 0.454035367 0.1767346939 0.4540316674
0.811 0.4549097888 0.1782494243 0.4549060821
0.8115 0.4556795575 0.1797735274 0.4556758445
0.812 0.456341349 0.1812989731 0.4563376306
0.8125 0.456891958 0.1828176467 0.4568882351
0.813 0.4573283057 0.1843213663 0.4573245793
0.8135 0.4576474466 0.1858019003 0.4576437176
0.814 0.4578465755 0.1872509855 0.4578428448
0.8145 0.4579230336 0.1886603444 0.4579193023
0.815 0.4578743152 0.1900217034 0.4578705844
0.8155 0.4576980733 0.1913268109 0.4576943439
0.816 0.4573921249 0.1925674552 0.457388398
0.8165 0.4569544564 0.1937354824 0.456950733
0.817 0.4563832283 0.1948228142 0.4563795096
0.8175 0.4556767795 0.1958214663 0.4556730666
0.818 0.4548336313 0.1967235654 0.4548299252
0.8185 0.453852491 0.1975213668 0.4538487929
0.819 0.4527322549 0.1982072722 0.4527285659
0.8195 0.4514720115 0.1987738461 0.4514683328
0.82 0.4500710432 0.1992138329 0.4500673759
0.8205 0.4485288288 0.1995201732 0.4485251741
0.821 0.4468450445 0.1996860197 0.4468414035
0.8215 0.4450195652 0.1997047532 0.4450159391
0.822 0.4430524651 0.1995699975 0.443048855
0.8225 0.4409440176 0.1992756344 0.4409404247
0.823 0.4386946954 0.1988158177 0.4386911208
0.8235 0.4363051694 0.1981849871 0.4363016143
0.824 0.4337763079 0.1973778816 0.4337727733
0.8245 0.4311091747 0.1963895513 0.4311056619
0.825 0.4283050273 0.1952153705 0.4283015374
0.8255 0.4253653145 0.1938510481 0.4253618486
0.826 0.4222916734 0.1922926387 0.4222882324
0.8265 0.419085926 0.1905365523 0.4190825111
0.827 0.4157500759 0.188579564 0.4157466883
0.8275 0.4122863041 0.1864188222 0.4122829447
0.828 0.4086969644 0.1840518561 0.4086936343
0.8285 0.4049845788 0.1814765834 0.4049812789
0.829 0.4011518321 0.1786913159 0.4011485634
0.8295 0.3972015664 0.1756947652 0.39719833
0.83 0.3931367756 0.1724860471 0.3931335723
0.8305 0.3889605987 0.1690646854 0.3889574294
0.831 0.3846763135 0.165430615 0.384673179
0.8315 0.3802873297 0.1615841837 0.380284231
0.832 0.3757971821 0.1575261535 0.3757941201
0.8325 0.371209523 0.1532577011 0.3712064984
0.833 0.3665281147 0.1487804171 0.3665251281
0.8335 0.3617568214 0.1440963048 0.3617538737
0.834 0.3568996017 0.1392077782 0.3568966936
0.8345 0.3519604999 0.1341176584 0.3519576321
0.835 0.346943638 0.1288291702 0.346940811
0.8355 0.3418532066 0.1233459369 0.3418504211
0.836 0.3366934568 0.1176719749 0.3366907134
0.8365 0.331468691 0.1118116872 0.3314659901
0.837 0.3261832542 0.1057698563 0.3261805964
0.8375 0.3208415248 0.09955163571 0.3208389105
0.838 0.3154479059 0.09316254162 0.3154453356
0.8385 0.310006816 0.08660844293 0.31000429
0.839 0.30452268 0.07989555102 0.3045201986
0.8395 0.2989999199 0.07303040865 0.2989974836
0.84 0.2934429462 0.06601987814 0.2934405552
0.8405 0.2878561487 0.05887112886 0.2878538032
0.841 0.2822438874 0.05159162413 0.2822415876
0.8415 0.2766104839 0.04418910742 0.27660823
0.842 0.2709602125 0.03667158793 0.2709580046
0.8425 0.2652972918 0.02904732571 0.2652951301
0.843 0.2596258761 0.02132481606 0.2596237606
0.8435 0.2539500471 0.01351277356 0.2539479779
0.844 0.2482738061 0.005620115573 0.2482717831
0.8445 0.2426010657 -0.002344054736 0.2425990889
0.845 0.2369356423 -0.01037046575 0.2369337117
0.8455 0.2312812488 -0.01844969515 0.2312793643
0.846 0.2256414873 -0.02657218798 0.2256396487
0.8465 0.2200198422 -0.03472827506 0.2200180494
0.847 0.2144196736 -0.04290819162 0.2144179265
0.8475 0.2088442112 -0.05110209621 0.2088425095
0.848 0.2032965478 -0.05930008974 0.2032948913
0.8485 0.1977796343 -0.0674922347 0.1977780227
0.849 0.1922962738 -0.07566857452 0.192294707
0.8495 0.1868491172 -0.08381915293 0.1868475947
0.85 0.1814406579 -0.09193403343 0.1814391795
0.8505 0.1760732283 -0.1000033186 0.1760717936
0.851 0.1707489956 -0.1080171698 0.1707476043
0.8515 0.1654699582 -0.1159658257 0.1654686099
0.852 0.1602379432 -0.1238396224 0.1602366376
0.8525 0.1550546032 -0.1316290116 0.1550533398
0.853 0.1499214145 -0.1393245797 0.1499201929
0.8535 0.1448396749 -0.1469170664 0.1448384947
0.854 0.1398105029 -0.1543973825 0.1398093637
0.8545 0.134834836 -0.1617566282 0.1348337373
0.855 0.1299134309 -0.1689861105 0.1299123723
0.8555 0.125046863 -0.1760773601 0.1250458441
0.856 0.1202355267 -0.1830221483 0.120234547
0.8565 0.1154796364 -0.1898125032 0.1154786955
0.857 0.1107792276 -0.1964407253 0.1107783249
0.8575 0.1061341581 -0.2028994026 0.1061332933
0.858 0.1015441109 -0.2091814254 0.1015432835
0.8585 0.09700859567 -0.2152799999 0.09700780523
0.859 0.09252695218 -0.221188662 0.09252619825
0.8595 0.08809835335 -0.2269012894 0.08809763551
0.86 0.08372180888 -0.2324121144 0.0837211267
0.8605 0.07939616927 -0.2377157342 0.07939552234
0.861 0.07512013021 -0.2428071223 0.07511951811
0.8615 0.07089223728 -0.2476816375 0.07089165964
0.862 0.06671089111 -0.2523350337 0.06671034753
0.8625 0.06257435274 -0.2567634674 0.06257384287
0.863 0.05848074944 -0.2609635054 0.05848027293
0.8635 0.05442808077 -0.2649321313 0.05442763727
0.864 0.05041422489 -0.2686667512 0.05041381411
0.8645 0.04643694532 -0.2721651984 0.04643656695
0.865 0.04249389777 -0.2754257374 0.04249355152
0.8655 0.03858263736 -0.2784470673 0.03858232298
0.866 0.03470062601 -0.2812283234 0.03470034326
0.8665 0.03084524007 -0.2837690789 0.03084498873
0.867 0.02701377815 -0.2860693453 0.02701355804
0.8675 0.02320346915 -0.2881295716 0.02320328008
0.868 0.01941148037 -0.2899506434 0.0194113222
0.8685 0.01563492586 -0.29153388 0.01563479846
0.869 0.01187087488 -0.2928810319 0.01187077816
0.8695 0.008116360407 -0.2939942762 0.008116294273
0.87 0.004368387758 -0.2948762118 0.004368352163
0.8705 0.0006239433095 -0.2955298538 0.0006239382254
0.871 -0.003119996786 -0.2959586268 -0.003119971363
0.8715 -0.006866457835 -0.2961663571 -0.006866401886
0.872 -0.01061845785 -0.2961572649 -0.01061837132
0.8725 -0.01437899878 -0.2959359546 -0.01437888161
0.873 -0.01815105783 -0.2955074056 -0.01815090993
0.8735 -0.02193757881 -0.2948769607 -0.02193740006
0.874 -0.02574146353 -0.2940503158 -0.02574125378
0.8745 -0.02956556336 -0.2930335066 -0.02956532245
0.875 -0.03341267086 -0.2918328968 -0.0334123986
0.8755 -0.03728551156 -0.2904551637 -0.03728520775
0.876 -0.04118673589 -0.2889072848 -0.04118640029
0.8765 -0.04511891132 -0.2871965225 -0.04511854368
0.877 -0.04908451462 -0.2853304091 -0.04908411467
0.8775 -0.05308592442 -0.2833167306 -0.05308549187
0.878 -0.05712541394 -0.2811635104 -0.05712494847
0.8785 -0.06120514396 -0.2788789928 -0.06120464525
0.879 -0.06532715612 -0.2764716248 -0.06532662382
0.8795 -0.06949336642 -0.2739500392 -0.06949280017
0.88 -0.07370555905 -0.271323036 -0.07370495848
0.8805 -0.07796538053 -0.268599564 -0.07796474525
0.881 -0.08227433419 -0.2657887021 -0.0822736638
0.8815 -0.08663377491 -0.2628996403 -0.086633069
0.882 -0.0910449043 -0.2599416602 -0.09104416245
0.8825 -0.0955087662 -0.2569241159 -0.09550798798
0.883 -0.1000262425 -0.2538564144 -0.1000254275
0.8835 -0.1045980495 -0.2507479957 -0.1045971972
0.884 -0.1092247343 -0.2476083131 -0.1092238444
0.8845 -0.1139066723 -0.2444468138 -0.1139057441
0.885 -0.1186440639 -0.2412729189 -0.1186430971
0.8855 -0.1234369331 -0.2380960036 -0.1234359273
0.886 -0.1282851254 -0.234925378 -0.1282840801
0.8865 -0.1331883064 -0.2317702677 -0.1331872212
0.887 -0.1381459611 -0.2286397942 -0.1381448355
0.8875 -0.1431573934 -0.2255429564 -0.1431562269
0.888 -0.1482217258 -0.2224886114 -0.1482205181
0.8885 -0.1533379002 -0.2194854566 -0.1533366507
0.889 -0.1585046783 -0.2165420112 -0.1585033868
0.8895 -0.1637206433 -0.2136665989 -0.1637193093
0.89 -0.168984201 -0.2108673302 -0.168982824
0.8905 -0.1742935822 -0.2081520861 -0.174292162
0.891 -0.1796468454 -0.2055285014 -0.1796453816
0.8915 -0.1850418792 -0.2030039488 -0.1850403714
0.892 -0.1904764059 -0.2005855243 -0.1904748538
0.8925 -0.1959479853 -0.1982800318 -0.1959463886
0.893 -0.2014540185 -0.1960939695 -0.201452377
0.8935 -0.2069917526 -0.1940335165 -0.2069900659
0.894 -0.2125582854 -0.1921045199 -0.2125565534
0.8945 -0.2181505708 -0.1903124828 -0.2181487933
0.895 -0.2237654241 -0.1886625533 -0.2237636008
0.8955 -0.229399528 -0.1871595135 -0.2293976588
0.896 -0.2350494387 -0.1858077703 -0.2350475235
0.8965 -0.2407115927 -0.1846113458 -0.2407096313
0.897 -0.2463823132 -0.1835738698 -0.2463803056
0.8975 -0.2520578175 -0.1826985716 -0.2520557636
0.898 -0.2577342241 -0.1819882746 -0.257732124
0.8985 -0.2634075606 -0.1814453895 -0.2634054143
0.899 -0.2690737712 -0.1810719104 -0.2690715787
0.8995 -0.2747287247 -0.1808694105 -0.2747264862
0.9 -0.2803682232 -0.180839039 -0.2803659387
0.9005 -0.28598801 -0.1809815192 -0.2859856797
0.901 -0.2915837782 -0.1812971471 -0.2915814023
0.9015 -0.2971511796 -0.181785791 -0.2971487583
0.902 -0.3026858334 -0.1824468923 -0.302683367
0.9025 -0.3081833351 -0.1832794666 -0.3081808239
0.903 -0.3136392654 -0.1842821061 -0.3136367098
0.9035 -0.3190491994 -0.185452983 -0.3190465997
0.904 -0.3244087154 -0.1867898533 -0.3244060721
0.9045 -0.3297134044 -0.1882900621 -0.3297107178
0.905 -0.3349588784 -0.1899505489 -0.3349561491
0.9055 -0.3401407806 -0.1917678548 -0.340138009
0.906 -0.3452547932 -0.1937381295 -0.3452519799
0.9065 -0.350296647 -0.1958571398 -0.3502937927
0.907 -0.3552621304 -0.1981202788 -0.3552592357
0.9075 -0.3601470975 -0.2005225754 -0.3601441629
0.908 -0.3649474772 -0.2030587054 -0.3649445035
0.9085 -0.3696592814 -0.2057230022 -0.3696562693
0.909 -0.3742786135 -0.2085094696 -0.3742755637
0.9095 -0.3788016763 -0.2114117937 -0.3787985897
0.91 -0.38322478 -0.2144233572 -0.3832216574
0.9105 -0.3875443499 -0.2175372525 -0.3875411921
0.911 -0.3917569338 -0.220746297 -0.3917537417
0.9115 -0.3958592091 -0.2240430479 -0.3958559836
0.912 -0.3998479897 -0.227419818 -0.3998447317
0.9125 -0.4037202328 -0.2308686918 -0.4037169432
0.913 -0.407473045 -0.2343815426 -0.4074697249
0.9135 -0.4111036884 -0.2379500488 -0.4111003386
0.914 -0.4146095861 -0.2415657123 -0.4146062078
0.9145 -0.4179883277 -0.2452198756 -0.4179849218
0.915 -0.4212376741 -0.2489037405 -0.4212342418
0.9155 -0.4243555622 -0.2526083862 -0.4243521044
0.916 -0.4273401089 -0.2563247883 -0.4273366268
0.9165 -0.430189615 -0.2600438374 -0.4301861098
0.917 -0.4329025688 -0.2637563583 -0.4328990415
0.9175 -0.4354776487 -0.2674531293 -0.4354741004
0.918 -0.4379137261 -0.2711249013 -0.4379101579
0.9185 -0.4402098672 -0.2747624173 -0.4402062803
0.919 -0.4423653353 -0.2783564315 -0.4423617308
0.9195 -0.4443795914 -0.2818977287 -0.4443759705
0.92 -0.4462522957 -0.2853771438 -0.4462486596
0.9205 -0.4479833076 -0.2887855803 -0.4479796573
0.921 -0.4495726858 -0.2921140298 -0.4495690226
0.9215 -0.4510206879 -0.2953535903 -0.4510170129
0.922 -0.4523277696 -0.2984954853 -0.4523240839
0.9225 -0.453494583 -0.3015310814 -0.4534908879
0.923 -0.4545219754 -0.3044519066 -0.4545182719
0.9235 -0.4554109867 -0.3072496678 -0.4554072759
0.924 -0.4561628467 -0.3099162682 -0.4561591298
0.9245 -0.4567789728 -0.3124438238 -0.4567752508
0.925 -0.4572609654 -0.3148246799 -0.4572572396
0.9255 -0.4576106053 -0.3170514268 -0.4576068766
0.926 -0.4578298484 -0.3191169156 -0.4578261179
0.9265 -0.4579208218 -0.3210142723 -0.4579170906
0.927 -0.4578858185 -0.3227369128 -0.4578820876
0.9275 -0.4577272919 -0.3242785557 -0.4577235623
0.928 -0.4574478505 -0.325633236 -0.4574441231
0.9285 -0.4570502512 -0.3267953171 -0.457046527
0.929 -0.4565373936 -0.3277595021 -0.4565336736
0.9295 -0.4559123129 -0.3285208455 -0.4559085981
0.93 -0.455178173 -0.3290747628 -0.4551744641
0.9305 -0.4543382592 -0.3294170401 -0.4543345571
0.931 -0.4533959705 -0.329543843 -0.4533922762
0.9315 -0.4523548123 -0.329451724 -0.4523511264
0.932 -0.4512183877 -0.3291376304 -0.4512147111
0.9325 -0.4499903899 -0.3285989097 -0.4499867233
0.933 -0.4486745932 -0.3278333158 -0.4486709373
0.9335 -0.447274845 -0.3268390132 -0.4472712005
0.934 -0.4457950565 -0.3256145811 -0.445791424
0.9345 -0.444239194 -0.324159016 -0.4442355742
0.935 -0.4426112701 -0.3224717342 -0.4426076637
0.9355 -0.4409153344 -0.3205525728 -0.4409117418
0.936 -0.4391554643 -0.3184017901 -0.439151886
0.9365 -0.4373357558 -0.3160200653 -0.4373321923
0.937 -0.4354603143 -0.313408497 -0.4354567661
0.9375 -0.4335332453 -0.310568601 -0.4335297128
0.938 -0.4315586453 -0.3075023078 -0.4315551289
0.9385 -0.4295405923 -0.304211958 -0.4295370923
0.939 -0.4274831368 -0.3007002983 -0.4274796536
0.9395 -0.4253902927 -0.2969704756 -0.4253868265
0.94 -0.4232660282 -0.2930260311 -0.4232625793
0.9405 -0.4211142572 -0.2888708929 -0.4211108259
0.941 -0.4189388303 -0.2845093684 -0.4189354167
0.9415 -0.4167435262 -0.2799461359 -0.4167401305
0.942 -0.4145320435 -0.2751862349 -0.4145286658
0.9425 -0.4123079924 -0.2702350562 -0.4123046329
0.943 -0.4100748867 -0.2650983317 -0.4100715453
0.9435 -0.4078361358 -0.2597821225 -0.4078328127
0.944 -0.4055950379 -0.2542928069 -0.405591733
0.9445 -0.4033547719 -0.2486370684 -0.4033514853
0.945 -0.4011183911 -0.2428218819 -0.4011151227
0.9455 -0.3988888163 -0.2368545003 -0.3988855661
0.946 -0.3966688296 -0.2307424401 -0.3966655974
0.9465 -0.3944610681 -0.2244934668 -0.3944578539
0.947 -0.3922680187 -0.2181155796 -0.3922648224
0.9475 -0.3900920127 -0.2116169958 -0.3900888341
0.948 -0.3879352207 -0.2050061347 -0.3879320597
0.9485 -0.3857996482 -0.1982916014 -0.3857965047
0.949 -0.3836871318 -0.1914821698 -0.3836840055
0.9495 -0.381599335 -0.1845867661 -0.3815962257
0.95 -0.3795377452 -0.1776144508 -0.3795346526
0.9505 -0.3775036707 -0.1705744019 -0.3775005947
0.951 -0.3754982386 -0.1634758971 -0.375495179
0.9515 -0.3735223924 -0.1563282956 -0.3735193489
0.952 -0.3715768907 -0.1491410209 -0.371573863
0.9525 -0.3696623061 -0.1419235421 -0.369659294
0.953 -0.3677790244 -0.1346853565 -0.3677760276
0.9535 -0.3659272445 -0.1274359713 -0.3659242628
0.954 -0.3641069789 -0.1201848858 -0.3641040121
0.9545 -0.362318054 -0.1129415734 -0.3623151018
0.955 -0.3605601117 -0.1057154639 -0.3605571738
0.9555 -0.3588326107 -0.09851592624 -0.3588296869
0.956 -0.3571348287 -0.09135225048 -0.3571319187
0.9565 -0.3554658651 -0.08423363116 -0.3554629686
0.957 -0.3538246435 -0.07716915018 -0.3538217605
0.9575 -0.3522099159 -0.07016776021 -0.352207046
0.958 -0.3506202655 -0.06323826842 -0.3506174086
0.9585 -0.3490541121 -0.05638932058 -0.3490512679
0.959 -0.3475097157 -0.0496293855 -0.3475068841
0.9595 -0.3459851822 -0.04296673996 -0.345982363
0.96 -0.3444784687 -0.03640945402 -0.3444756618
0.9605 -0.3429873894 -0.0299653769 -0.3429845946
0.961 -0.3415096216 -0.0236421233 -0.3415068389
0.9615 -0.3400427124 -0.0174470603 -0.3400399417
0.962 -0.3385840857 -0.01138729476 -0.3385813269
0.9625 -0.3371310491 -0.005469661424 -0.3371283021
0.963 -0.3356808018 0.0002992885232 -0.3356780666
0.9635 -0.3342304419 0.005913298137 -0.3342277186
0.964 -0.3327769752 0.01136641482 -0.3327742637
0.9645 -0.3313173228 0.01665299972 -0.3313146232
0.965 -0.3298483302 0.02176773651 -0.3298456425
0.9655 -0.3283667757 0.02670563936 -0.3283641001
0.966 -0.3268693799 0.03146206032 -0.3268667165
0.9665 -0.3253528143 0.03603269586 -0.3253501633
0.967 -0.323813711 0.04041359281 -0.3238110725
0.9675 -0.3222486719 0.0446011534 -0.3222460461
0.968 -0.3206542785 0.04859213967 -0.3206516658
0.9685 -0.3190271016 0.05238367712 -0.3190245021
0.969 -0.3173637107 0.05597325747 -0.3173611247
0.9695 -0.315660684 0.05935874085 -0.315658112
0.97 -0.3139146185 0.06253835705 -0.3139120606
0.9705 -0.312122139 0.06551070617 -0.3121195958
0.971 -0.310279909 0.06827475833 -0.3102773807
0.9715 -0.3083846393 0.07082985282 -0.3083821265
0.972 -0.3064330986 0.07317569636 -0.3064306017
0.9725 -0.3044221227 0.07531236064 -0.3044196422
0.973 -0.3023486238 0.07724027923 -0.3023461602
0.9735 -0.3002096004 0.07896024364 -0.3002071542
0.974 -0.298002146 0.08047339874 -0.2979997178
0.9745 -0.2957234584 0.08178123747 -0.2957210488
0.975 -0.2933708484 0.08288559489 -0.2933684579
0.9755 -0.2909417485 0.08378864154 -0.2909393778
0.976 -0.2884337212 0.08449287617 -0.288431371
0.9765 -0.2858444674 0.08500111786 -0.2858421383
0.977 -0.2831718337 0.08531649748 -0.2831695264
0.9775 -0.2804138205 0.08544244865 -0.2804115356
0.978 -0.2775685888 0.08538269808 -0.2775663271
0.9785 -0.2746344675 0.0851412554 -0.2746322297
0.979 -0.2716099595 0.08472240247 -0.2716077464
0.9795 -0.2684937485 0.08413068222 -0.2684915608
0.98 -0.2652847041 0.08337088701 -0.2652825425
0.9805 -0.2619818877 0.0824480466 -0.261979753
0.981 -0.2585845573 0.08136741569 -0.2585824503
0.9815 -0.2550921721 0.08013446109 -0.2550900936
0.982 -0.2515043968 0.07875484857 -0.2515023475
0.9825 -0.2478211051 0.07723442943 -0.2478190858
0.983 -0.2440423828 0.07557922668 -0.2440403943
0.9835 -0.2401685311 0.07379542114 -0.2401665742
0.984 -0.2362000685 0.07188933716 -0.2361981439
0.9845 -0.2321377325 0.06986742834 -0.232135841
0.985 -0.2279824814 0.06773626289 -0.2279806237
0.9855 -0.2237354947 0.06550250911 -0.2237336717
0.986 -0.2193981738 0.06317292058 -0.2193963861
0.9865 -0.2149721415 0.06075432147 -0.2149703898
0.987 -0.2104592416 0.0582535917 -0.2104575267
0.9875 -0.2058615377 0.05567765224 -0.2058598603
0.988 -0.2011813116 0.05303345036 -0.2011796723
0.9885 -0.1964210608 0.05032794503 -0.1964194603
0.989 -0.1915834963 0.04756809243 -0.1915819353
0.9895 -0.1866715393 0.04476083156 -0.1866700182
0.99 -0.1816883172 0.04191307009 -0.1816868368
0.9905 -0.1766371603 0.03903167041 -0.176635721
0.991 -0.1715215963 0.03612343586 -0.1715201987
0.9915 -0.1663453458 0.03319509732 -0.1663439904
0.992 -0.1611123166 0.03025330003 -0.1611110039
0.9925 -0.1558265978 0.02730459076 -0.1558253281
0.993 -0.1504924531 0.02435540537 -0.1504912268
0.9935 -0.1451143145 0.02141205665 -0.145113132
0.994 -0.1396967744 0.01848072269 -0.1396956362
0.9945 -0.1342445787 0.01556743558 -0.1342434849
0.995 -0.128762618 0.0126780706 -0.1287615688
0.9955 -0.1232559195 0.00981833587 -0.1232549152
0.996 -0.1177296386 0.006993762534 -0.1177286793
0.9965 -0.1121890492 0.004209695387 -0.1121881351
0.997 -0.1066395346 0.001471284083 -0.1066386657
0.9975 -0.1010865778 -0.001216525131 -0.1010857542
0.998 -0.09553575149 -0.003848997107 -0.09553497304
0.9985 -0.0899927076 -0.00642161493 -0.08999197432
0.999 -0.08446316711 -0.008930086447 -0.08446247889
0.9995 -0.07895290915 -0.01137035021 -0.07895226582
1 -0.07346776013 -0.01373858079 -0.03713175792
