t d dw dc
0 0 -0.06442127289 -0.007632329269
0.0005 0.008095127387 0.07793591829 0.000820782027
0.001 0.01616105169 0.03117138066 0.009244856635
0.0015 0.02416873211 -0.07612953008 0.01761043555
0.002 0.03208944918 0.06204234051 0.02588832077
0.0025 0.03989495756 0.0307579569 0.03404970478
0.003 0.04755762969 0.07425882327 0.04206629451
0.0035 0.05505058776 -0.01107435529 0.04991042802
0.004 0.06234782201 0.139366558 0.05755518263
0.0045 0.06942429367 -0.0077620823 0.06497447305
0.005 0.07625602151 0.1183796364 0.07214313876
0.0055 0.08282015147 0.02980375638 0.07903701977
0.006 0.08909500927 0.05662744839 0.08563302049
0.0065 0.09506013658 0.1621374306 0.09190916155
0.007 0.1006963116 0.04557847729 0.0978446198
0.0075 0.105985555 0.06321604921 0.103419757
0.008 0.1109111241 -0.02834541993 0.1086161378
0.0085 0.1154574946 0.08482331314 0.1134165384
0.009 0.1196103347 0.0862039512 0.1178049462
0.0095 0.1233564723 0.1873881572 0.1217665534
0.01 0.1266838562 0.1142135365 0.1252877439
0.0105 0.1295815166 0.1308020083 0.1283560772
0.011 0.1320395234 0.02893870777 0.1309602693
0.0115 0.1340489468 0.04494987091 0.1330901734
0.012 0.1356018206 0.2380530545 0.1347367613
0.0125 0.1366911105 0.07623120686 0.1358921072
0.013 0.1373106886 0.06076639197 0.1365493753
0.0135 0.1374553155 0.1828581312 0.1367028125
0.014 0.1371206311 -0.07346042086 0.1363477472
0.0145 0.1363031547 0.1642601597 0.135480595
0.015 0.1350002958 0.1280570346 0.1340988721
0.0155 0.1332103754 0.1805928267 0.1322012158
0.016 0.1309326578 0.0282111212 0.1297874136
0.0165 0.128167394 0.0953714916 0.1268584398
0.017 0.1249158754 0.09266531096 0.1234164984
0.0175 0.121180497 0.08958736693 0.1194650732
0.018 0.1169648304 0.08614325563 0.1150089823
0.0185 0.112273704 0.08233966433 0.1100544362
0.019 0.1071132893 0.07818436027 0.1046090989
0.0195 0.1014911917 0.07368617669 0.09868214802
0.02 0.09541654282 0.0688549962 0.09228433413
0.0205 0.08890009127 0.06370173149 0.08542803571
0.021 0.08195429028 0.05823830344 0.07812730819
0.0215 0.07459337707 0.05247761668 0.07039792466
0.022 0.06683344147 0.04643353258 0.06225740598
0.0225 0.05869247973 0.04012083991 0.05372503832
0.023 0.05019042991 0.03355522299 0.04482187614
0.0235 0.04134918531 0.02675322756 0.03557072877
0.024 0.03219258269 0.0197322245 0.02599612937
0.0245 0.02274636272 0.01251037124 0.01612428493
0.025 0.01303810051 0.005106571226 0.005983006832
0.0255 0.003097105052 -0.002459568671 -0.004398378457
0.026 -0.007045712501 -0.01016778259 -0.01498913833
0.0265 -0.01735800096 -0.0179971919 -0.02575726185
0.027 -0.02780615947 -0.02592635314 -0.03666960542
0.0275 -0.03835555304 -0.03393330747 -0.04769205444
0.028 -0.04897074888 -0.04199563163 -0.05878969909
0.0285 -0.0596157684 -0.05009049018 -0.0699270215
0.029 -0.07025434905 -0.05819468905 -0.08106809146
0.0295 -0.08085020942 -0.06628473004 -0.09217676762
0.03 -0.0913673112 -0.07433686649 -0.1032169005
0.0305 -0.1017701114 -0.08232715959 -0.1141525342
0.031 -0.1120237985 -0.09023153554 -0.1249481023
0.0315 -0.1220945076 -0.09802584324 -0.1355686159
0.032 -0.1319495095 -0.1056859124 -0.1459798391
0.0325 -0.1415573698 -0.113187612 -0.1561484488
0.033 -0.1508880763 -0.120506909 -0.1660421775
0.0335 -0.159913133 -0.1276199268 -0.1756299348
0.034 -0.1686056202 -0.1345030039 -0.1848819063
0.0345 -0.1769402213 -0.1411327523 -0.1937696299
0.035 -0.1848932192 -0.1474861153 -0.2022660457
0.0355 -0.1924424634 -0.153540425 -0.210345522
0.036 -0.1995673105 -0.1592734591 -0.217983856
0.0365 -0.2062485435 -0.1646634967 -0.225158251
0.037 -0.2124682712 -0.1696893737 -0.2318472706
0.0375 -0.218209813 -0.1743305366 -0.2380307725
0.038 -0.2234575712 -0.1785670953 -0.2436898239
0.0385 -0.2281968967 -0.1823798748 -0.2488066018
0.039 -0.2324139486 -0.1857504655 -0.2533642804
0.0395 -0.2360955532 -0.1886612712 -0.25734691
0.04 -0.2392290637 -0.1910955566 -0.2607392906
0.0405 -0.2418022241 -0.1930374921 -0.2635268441
0.041 -0.2438030397 -0.194472197 -0.265695489
0.0415 -0.2452196555 -0.1953857811 -0.267231522
0.042 -0.2460402461 -0.1957653835 -0.2681215092
0.0425 -0.2462529178 -0.1955992096 -0.2683521931
0.043 -0.2458456264 -0.1948765658 -0.267910416
0.0435 -0.2448061116 -0.1935878919 -0.2667830669
0.044 -0.2431218508 -0.1917247907 -0.2649570518
0.0445 -0.2407800358 -0.1892800555 -0.2624192929
0.045 -0.2377675732 -0.1862476947 -0.2591567582
0.0455 -0.234071114 -0.1826229537 -0.2551565239
0.046 -0.2296771136 -0.1784023344 -0.2504058712
0.0465 -0.2245719278 -0.1735836117 -0.2448924191
0.047 -0.2187419472 -0.1681658469 -0.2386042935
0.0475 -0.2121737755 -0.1621493987 -0.2315303323
0.048 -0.2048544547 -0.1555359313 -0.2236603255
0.0485 -0.1967717422 -0.1483284188 -0.2149852894
0.049 -0.1879144417 -0.1405311479 -0.2054977709
0.0495 -0.178272792 -0.1321497164 -0.1951921799
0.05 -0.1678389123 -0.1231910295 -0.1840651435
0.0505 -0.1566073057 -0.1136632928 -0.1721158776
0.051 -0.1445754126 -0.1035760027 -0.1593465692
0.0515 -0.1317442106 -0.09293993303 -0.1457627611
0.052 -0.1181188447 -0.08176711978 -0.1313737316
0.0525 -0.1037092736 -0.07007084213 -0.1161928585
0.053 -0.08853090688 -0.05786560096 -0.1002379593
0.0535 -0.07260520718 -0.04516709441 -0.0835315957
0.054 -0.05596022232 -0.03199219069 -0.0661013328
0.0545 -0.03863101193 -0.0183588981 -0.04797994228
0.055 -0.02065992932 -0.004286332423 -0.02920553951
0.0555 -0.002096721173 0.01020531837 -0.009821645344
0.056 0.01700158805 0.02509483189 0.01012283559
0.0565 0.03657105215 0.04035999166 0.03057372682
0.057 0.05654141267 0.05597762973 0.05147178727
0.0575 0.07683695992 0.07192367169 0.07275301636
0.058 0.09737762663 0.08817318384 0.09434905777
0.0585 0.118080278 0.1047004225 0.1161876995
0.059 0.1388601462 0.1214788852 0.1381934655
0.0595 0.1596323453 0.138481364 0.1602882912
0.06 0.1803133958 0.1556800005 0.1823922732
0.0605 0.200822687 0.1730463422 0.2044244797
0.061 0.2210838099 0.1905514012 0.2263038075
0.0615 0.2410257068 0.2081657131 0.2479498686
0.062 0.2605835955 0.2258593987 0.2692838884
0.0625 0.2796996441 0.2436022254 0.2902295965
0.063 0.2983233926 0.2613636706 0.3107140917
0.0635 0.3164119267 0.2791129856 0.330668662
0.064 0.3339298299 0.2968192604 0.3500295417
0.0645 0.3508489418 0.3144514888 0.3687385903
0.065 0.3671479618 0.3319786346 0.3867438791
0.0655 0.3828119351 0.3493696972 0.4040001728
0.066 0.3978316593 0.3665937782 0.420469299
0.0665 0.4122030446 0.3836201477 0.4361203994
0.067 0.4259264583 0.4004183103 0.4509300596
0.0675 0.4390060765 0.4169580713 0.4648823191
0.068 0.4514492619 0.4332096017 0.477968565
0.0685 0.4632659808 0.4491435038 0.4901873152
0.069 0.4744682681 0.4647308749 0.5015439006
0.0695 0.4850697453 0.4799433708 0.5120500566
0.07 0.4950851923 0.4947532683 0.5217234369
0.0705 0.5045301741 0.5091335266 0.530587062
0.071 0.5134207174 0.5230578466 0.5386687169
0.0715 0.5217730369 0.5365007304 0.5460003128
0.072 0.5296033036 0.5494375374 0.5526172249
0.0725 0.5369274539 0.5618445405 0.5585576206
0.073 0.5437610319 0.5736989791 0.5638617897
0.0735 0.5501190627 0.5849791106 0.568571487
0.074 0.5560159516 0.5956642607 0.5727292978
0.0745 0.5614654049 0.6057348702 0.576378032
0.075 0.5664803696 0.6151725402 0.5795601552
0.0755 0.5710729885 0.6239600752 0.5823172597
0.076 0.5752545679 0.6320815234 0.58468958
0.0765 0.5790355555 0.639522214 0.5867155532
0.077 0.5824255265 0.6462687928 0.5884314264
0.0775 0.5854331765 0.6523092545 0.5898709095
0.078 0.5880663193 0.6576329717 0.5910648733
0.0785 0.590331888 0.6622307224 0.5920410905
0.079 0.5922359396 0.666094713 0.5928240178
0.0795 0.5937836611 0.669218599 0.5934346166
0.08 0.5949793772 0.6715975032 0.5938902097
0.0805 0.5958265584 0.6732280294 0.5942043728
0.081 0.59632783 0.6741082743 0.5943868571
0.0815 0.5964849812 0.6742378353 0.5944435428
0.082 0.5962989741 0.6736178155 0.5943764213
0.0825 0.5957699526 0.6722508256 0.5941836063
0.083 0.5948972523 0.6701409819 0.5938593728
0.0835 0.5936794096 0.6672939018 0.5933942242
0.084 0.5921141717 0.6637166958 0.5927749897
0.0845 0.5901985081 0.6594179558 0.5919849513
0.085 0.5879286226 0.6544077411 0.5910040031
0.0855 0.585299968 0.6486975602 0.589808845
0.086 0.5823072633 0.6423003501 0.5883732121
0.0865 0.5789445139 0.6352304525 0.586668141
0.087 0.5752050375 0.6275035863 0.5846622772
0.0875 0.571081495 0.6191368176 0.5823222216
0.088 0.566565928 0.6101485268 0.5796129195
0.0885 0.5616498066 0.6005583724 0.5764980904
0.089 0.5563240854 0.5903872519 0.5729406989
0.0895 0.5505792735 0.5796572607 0.5689034627
0.09 0.5444055178 0.5683916474 0.564349397
0.0905 0.5377927037 0.5566147671 0.5592423876
0.091 0.5307305745 0.5443520318 0.5535477889
0.0915 0.5232088723 0.5316298592 0.5472330384
0.092 0.5152175042 0.5184756178 0.5402682777
0.0925 0.506746734 0.5049175715 0.5326269725
0.093 0.4977874045 0.490984821 0.5242865165
0.0935 0.4883311898 0.4767072434 0.5152288111
0.094 0.4783708816 0.4621154306 0.505440805
0.0945 0.4679007072 0.4472406255 0.4949149829
0.095 0.4569166815 0.4321146566 0.4836497904
0.0955 0.445416989 0.4167698716 0.4716499828
0.096 0.4334023926 0.4012390696 0.4589268874
0.0965 0.4208766628 0.385555432 0.4454985715
0.097 0.4078470193 0.3697524524 0.4313899065
0.0975 0.3943245724 0.3538638661 0.4166325268
0.098 0.3803247508 0.3379235787 0.4012646783
0.0985 0.3658676991 0.3219655939 0.3853309595
0.099 0.3509786239 0.3060239413 0.3688819583
0.0995 0.3356880697 0.290132604 0.3519737902
0.1 0.3200321013 0.2743254459 0.3346675483
0.1005 0.3040523729 0.2586361395 0.3170286765
0.101 0.2877960648 0.2430980934 0.299126279
0.1015 0.2713156748 0.2277443805 0.2810323819
0.102 0.254668655 0.2126076674 0.2628211643
0.1025 0.2379168944 0.1977201433 0.2445681741
0.103 0.2211260559 0.1831134507 0.2263495471
0.1035 0.204364784 0.1688186171 0.2082412455
0.104 0.1877038095 0.1548659871 0.190318331
0.1045 0.1712149843 0.1412851572 0.1726542862
0.105 0.1549702839 0.1281049104 0.1553203973
0.1055 0.1390408177 0.1153531539 0.1383852066
0.106 0.1234958876 0.103056858 0.121914043
0.1065 0.1084021298 0.09124199622 0.1059686344
0.107 0.09382276957 0.07993348895 0.09060680498
0.1075 0.07981701276 0.06915514771 0.07588225706
0.108 0.06643958452 0.05892962271 0.06184443431
0.1085 0.05374042108 0.0492783523 0.04853846239
0.109 0.04176450938 0.04022151519 0.03600516029
0.1095 0.0305518631 0.03177798509 0.02428111454
0.11 0.02013761824 0.02396528819 0.01339880728
0.1105 0.01055222738 0.01679956338 0.00338678835
0.111 0.001821730156 0.01029552545 -0.005730118907
0.1115 -0.006031922995 0.004466431175 -0.01393058857
0.112 -0.01299051592 -0.0006759514805 -0.0211965501
0.1125 -0.01903920089 -0.00512137101 -0.02751294332
0.113 -0.02416613967 -0.008861116852 -0.03286747962
0.1135 -0.02836216674 -0.0118880406 -0.03725041808
0.114 -0.03162048712 -0.01419657392 -0.04065436381
0.1145 -0.03393641873 -0.01578274309 -0.04307409525
0.115 -0.03530718674 -0.0166441802 -0.04450642559
0.1155 -0.03573177517 -0.01678013089 -0.04495010234
0.116 -0.03521083927 -0.01619145864 -0.04440574793
0.1165 -0.03374668005 -0.0148806457 -0.04287584274
0.117 -0.03134328141 -0.01285179045 -0.04036475069
0.1175 -0.02800640789 -0.01011060137 -0.03687878618
0.118 -0.02374376031 -0.006664387494 -0.03242631994
0.1185 -0.01856518427 -0.002522045536 -0.02701791989
0.119 -0.01248292483 0.002305956509 -0.02066652221
0.1195 -0.005511918719 0.007807599084 -0.01338762628
0.12 0.00232988694 0.01396933415 -0.005199506441
0.1205 0.0110212027 0.02077611157 0.0038765676
0.121 0.02053706725 0.02821140874 0.01381611057
0.1215 0.03084853808 0.03625726338 0.0245912112
0.122 0.04192242183 0.04489430952 0.03617034131
0.1225 0.05372106492 0.05410181646 0.04851819453
0.123 0.06620222513 0.06385773074 0.06159556444
0.1235 0.0793190436 0.074138721 0.07535927155
0.124 0.09302013419 0.0849202256 0.08976214777
0.1245 0.1072498029 0.09617650298 0.104753086
0.125 0.1219484042 0.1078806846 0.1202771609
0.1255 0.1370528348 0.1200048302 0.1362758255
0.126 0.1524971568 0.1325199859 0.1526871859
0.1265 0.1682133341 0.1453962439 0.169446355
0.127 0.1841320605 0.1586028047 0.1864858822
0.1275 0.2001836477 0.1721080412 0.2037362558
0.128 0.2162989412 0.185879565 0.221126471
0.1285 0.2324102269 0.1998842936 0.2385846536
0.129 0.2484520943 0.2140885199 0.2560387295
0.1295 0.2643622222 0.2284579829 0.2734171263
0.13 0.2800820619 0.2429579397 0.290649492
0.1305 0.2955573958 0.2575532385 0.3076674163
0.131 0.3107387604 0.2722083928 0.3244051383
0.1315 0.3255817278 0.286887656 0.3408002236
0.132 0.3400470496 0.3015550972 0.356794197
0.1325 0.3541006709 0.3161746773 0.3723331142
0.133 0.3677136296 0.3307103248 0.3873680621
0.1335 0.3808618568 0.3451260131 0.4018555745
0.134 0.393525898 0.3593858363 0.4157579559
0.1345 0.4056905741 0.373454086 0.4290435066
0.135 0.4173446005 0.3872953274 0.441686646
0.1355 0.4284801808 0.4008744744 0.4536679326
0.136 0.4390925914 0.414156865 0.4649739835
0.1365 0.4491797667 0.4271083352 0.475597297
0.137 0.4587418966 0.4396952921 0.4855359839
0.1375 0.467781043 0.4518847861 0.494793418
0.138 0.47630078 0.4636445814 0.5033778128
0.1385 0.4843058618 0.4749432255 0.5113017368
0.139 0.4918019189 0.4857501168 0.518581579
0.1395 0.4987951839 0.4960355711 0.525236975
0.14 0.5052922452 0.5057708848 0.5312902058
0.1405 0.5112998287 0.5149283979 0.5367655814
0.141 0.5168246036 0.5234815538 0.5416888177
0.1415 0.5218730112 0.5314049569 0.5460864175
0.142 0.5264511152 0.5386744278 0.5499850634
0.1425 0.5305644683 0.5452670567 0.5534110297
0.143 0.5342179959 0.551161253 0.5563896196
0.1435 0.5374158919 0.5563367931 0.5589446318
0.144 0.5401615256 0.5607748651 0.5610978614
0.1445 0.5424573582 0.5644581101 0.5628686363
0.145 0.5443048652 0.5673706616 0.564273393
0.1455 0.5457044643 0.5694981802 0.565325291
0.146 0.5466554476 0.5708278865 0.5660338696
0.1465 0.5471559152 0.5713485902 0.5664047451
0.147 0.5472027103 0.5710507157 0.5664393512
0.1475 0.546791354 0.5699263247 0.5661347228
0.148 0.5459159801 0.5679691349 0.5654833251
0.1485 0.5445692675 0.5651745358 0.564472929
0.149 0.5427423712 0.5615396006 0.5630865361
0.1495 0.5404248517 0.5570630944 0.5613023557
0.15 0.5376046016 0.5517454796 0.5590938381
0.1505 0.534267772 0.5455889167 0.5564297677
0.151 0.530398697 0.5385972625 0.5532744212
0.1515 0.5259798204 0.5307760639 0.5495877963
0.152 0.5209916242 0.5221325489 0.5453259153
0.1525 0.5154125635 0.5126756132 0.5404412095
0.153 0.5092190107 0.5024158042 0.5348829888
0.1535 0.5023852135 0.491365301 0.5285980004
0.154 0.4948832746 0.4795378909 0.5215310791
0.1545 0.486683159 0.4669489424 0.5136258911
0.155 0.4777527407 0.4536153758 0.5048257684
0.1555 0.4680579005 0.4395556291 0.4950746319
0.156 0.4575626894 0.4247896219 0.4843179955
0.1565 0.4462295762 0.4093387153 0.4725040419
0.157 0.4340197998 0.3932256695 0.4595847553
0.1575 0.4208938503 0.3764745977 0.4455170957
0.158 0.4068121042 0.3591109178 0.4302641921
0.1585 0.3917356423 0.341161301 0.4137965312
0.159 0.375627277 0.3226536176 0.3960931139
0.1595 0.358452813 0.3036168806 0.3771425493
0.16 0.3401825595 0.2840811868 0.3569440543
0.1605 0.3207930966 0.2640776555 0.3355083272
0.161 0.3002692848 0.2436383648 0.3128582622
0.1615 0.2786064744 0.2227962866 0.2890294745
0.162 0.2558128423 0.2015852191 0.2640706095
0.1625 0.2319117398 0.1800397173 0.2380434123
0.163 0.2069438963 0.1581950229 0.2110225394
0.1635 0.18096928 0.1360869917 0.1830951049
0.164 0.154068392 0.1137520203 0.1543599547
0.1645 0.1263427631 0.09122697164 0.1249266772
0.165 0.09791444858 0.06854909899 0.09491436297
0.1655 0.06892437695 0.04575596991 0.06445013765
0.166 0.03952951 0.02288538898 0.03366749711
0.1665 0.009898895703 -2.467976611e-05 0.00270448434
0.167 -0.01979117026 -0.02293619079 -0.02829824875
0.1675 -0.04936253992 -0.04581109514 -0.0591994463
0.168 -0.07864075357 -0.06861141856 -0.08985926944
0.1685 -0.1074602925 -0.0912993395 -0.1201412819
0.169 -0.1356691523 -0.1138372667 -0.14991435
0.1695 -0.1631324382 -0.1361879163 -0.1790544109
0.17 -0.1897348118 -0.1583143885 -0.2074460661
0.1705 -0.2153817489 -0.180180243 -0.2349839658
0.171 -0.239999692 -0.2017495741 -0.2615739558
0.1715 -0.2635352626 -0.2229870836 -0.2871339668
0.172 -0.2859537518 -0.2438581539 -0.3115946361
0.1725 -0.3072371223 -0.2643289182 -0.3348996586
0.173 -0.3273817359 -0.2843663302 -0.3570058729
0.1735 -0.3463959942 -0.3039382312 -0.3778830954
0.174 -0.3642980335 -0.3230134163 -0.3975137239
0.1745 -0.3811135759 -0.3415616974 -0.4158921322
0.175 -0.3968739975 -0.3595539649 -0.433023888
0.1755 -0.4116146464 -0.3769622472 -0.4489248227
0.176 -0.4253734155 -0.3937597671 -0.4636199868
0.1765 -0.438189562 -0.409920996 -0.4771425243
0.177 -0.4501027529 -0.4254217057 -0.4895324941
0.1775 -0.4611523108 -0.4402390174 -0.5008356722
0.178 -0.4713766334 -0.4543514471 -0.5111023576
0.1785 -0.4808127581 -0.4677389493 -0.5203862064
0.179 -0.4894960469 -0.4803829568 -0.5287431145
0.1795 -0.4974599692 -0.4922664172 -0.5362301629
0.18 -0.504735962 -0.5033738271 -0.5429046402
0.1805 -0.5113533508 -0.5136912622 -0.5488231487
0.181 -0.5173393171 -0.5232064046 -0.5540408007
0.1815 -0.5227189016 -0.5319085662 -0.5586105084
0.182 -0.5275150321 -0.539788709 -0.562582366
0.1825 -0.5317485711 -0.5468394621 -0.5660031231
0.183 -0.5354383751 -0.5530551347 -0.5689157468
0.1835 -0.5386013621 -0.5584317258 -0.5713590671
0.184 -0.5412525841 -0.5629669305 -0.5733675015
0.1845 -0.5434053012 -0.5666601424 -0.5749708524
0.185 -0.5450710565 -0.5695124528 -0.5761941738
0.1855 -0.5462597502 -0.5715266457 -0.5770577001
0.186 -0.5469797113 -0.5727071904 -0.5775768341
0.1865 -0.5472377685 -0.573060229 -0.577762189
0.187 -0.5470393183 -0.5725935617 -0.5776196818
0.1875 -0.5463883914 -0.5713166281 -0.5771506739
0.188 -0.5452877186 -0.569240485 -0.5763521586
0.1885 -0.5437387952 -0.5663777808 -0.5752169922
0.189 -0.5417419464 -0.5627427271 -0.5737341685
0.1895 -0.5392963942 -0.5583510659 -0.5718891351
0.19 -0.5364003264 -0.5532200351 -0.5696641515
0.1905 -0.5330509701 -0.5473683296 -0.5670386877
0.191 -0.5292446714 -0.54081606 -0.5639898615
0.1915 -0.5249769819 -0.5335847081 -0.560492915
0.192 -0.5202427547 -0.5256970801 -0.5565217257
0.1925 -0.5150362533 -0.5171772559 -0.5520493507
0.193 -0.5093512725 -0.5080505372 -0.5470486001
0.1935 -0.5031812772 -0.4983433918 -0.5414926331
0.194 -0.4965195595 -0.4880833964 -0.5353555715
0.1945 -0.4893594164 -0.4772991767 -0.528613124
0.195 -0.4816943525 -0.4660203455 -0.5212432099
0.1955 -0.4735183072 -0.4542774383 -0.5132265759
0.196 -0.4648259102 -0.442101848 -0.5045473923
0.1965 -0.4556127655 -0.429525757 -0.4951938196
0.197 -0.4458757648 -0.4165820679 -0.4851585326
0.1975 -0.4356134289 -0.4033043332 -0.4744391906
0.198 -0.424826276 -0.389726683 -0.4630388431
0.1985 -0.4135172124 -0.3758837522 -0.4509662589
0.199 -0.4016919395 -0.3618106062 -0.4382361713
0.1995 -0.3893593703 -0.3475426664 -0.4248694299
0.2 -0.3765320435 -0.3331156343 -0.410893054
0.2005 -0.3632265228 -0.3185654157 -0.3963401847
0.201 -0.3494637657 -0.3039280442 -0.3812499323
0.2015 -0.3352694447 -0.2892396047 -0.3656671241
0.202 -0.3206742017 -0.2745361572 -0.3496419533
0.2025 -0.305713817 -0.2598536595 -0.333229539
0.203 -0.2904292733 -0.2452278923 -0.3164894043
0.2035 -0.2748666996 -0.2306943826 -0.2994848853
0.204 -0.2590771824 -0.2162883294 -0.2822824847
0.2045 -0.2431164369 -0.2020445291 -0.2649511833
0.205 -0.2270443378 -0.1879973025 -0.2475617268
0.2055 -0.2109243175 -0.1741804229 -0.230185903
0.206 -0.1948226462 -0.1606270446 -0.2128958254
0.2065 -0.1788076168 -0.1473696345 -0.1957632387
0.207 -0.1629486637 -0.134439903 -0.1788588602
0.2075 -0.1473154491 -0.1218687391 -0.1622517694
0.208 -0.131976952 -0.1096861451 -0.1460088568
0.2085 -0.1170005972 -0.09792117472 -0.13019434
0.209 -0.1024514544 -0.08660187282 -0.1148693534
0.2095 -0.08839153745 -0.07575521731 -0.1000916151
0.21 -0.07487922274 -0.06540706358 -0.08591517204
0.2105 -0.06196880113 -0.05558209126 -0.07239022292
0.211 -0.04971016743 -0.04630375367 -0.05956301565
0.2115 -0.03814864542 -0.03759422992 -0.04747581382
0.212 -0.02732493934 -0.02947437972 -0.03616692626
0.2125 -0.01727519735 -0.02196370121 -0.02567079147
0.213 -0.00803116918 -0.01508029164 -0.01601810803
0.2135 0.0003795620583 -0.008840811137 -0.007236001602
0.214 0.007933294767 -0.003260449582 0.0006517815045
0.2145 0.01460989069 0.00164710331 0.007624664091
0.215 0.02039244269 0.005869684688 0.01366502088
0.2155 0.02526694561 0.009396681964 0.01875796372
0.216 0.02922198505 0.01221905285 0.02289113771
0.2165 0.0322484565 0.01432934205 0.02605453624
0.217 0.03433932524 0.0157216945 0.02824034162
0.2175 0.0354894348 0.01639186519 0.02944279711
0.218 0.03569537015 0.01633722555 0.029658115
0.2185 0.03495537992 0.01555676636 0.02888442406
0.219 0.03326936004 0.01405109721 0.02712175839
0.2195 0.03063889996 0.01182244248 0.02437208842
0.22 0.02706739087 0.008874633891 0.02063939364
0.2205 0.0225601936 0.005213099689 0.01592977493
0.221 0.01712486231 0.0008448503431 0.01025160345
0.2215 0.01077141791 -0.004221539042 0.003615701519
0.222 0.003512663011 -0.009975949648 -0.003964450141
0.2225 -0.00463547242 -0.01640674313 -0.01247248575
0.223 -0.01365356797 -0.02350078899 -0.02188891619
0.2235 -0.02351834847 -0.03124349512 -0.03219088795
0.224 -0.0342023371 -0.03961884142 -0.04335194878
0.2245 -0.04567354691 -0.04860941634 -0.05534183015
0.225 -0.05789523318 -0.05819645643 -0.06812625688
0.2255 -0.07082572959 -0.06835988864 -0.08166679425
0.226 -0.08441839033 -0.07907837538 -0.09592074283
0.2265 -0.09862165791 -0.0903293622 -0.1108410905
0.227 -0.1133792719 -0.102089128 -0.1263765304
0.2275 -0.1286306278 -0.1143328374 -0.1424715515
0.228 -0.1443112888 -0.1270345961 -0.1590666091
0.2285 -0.1603536411 -0.1401675075 -0.1760983771
0.229 -0.1766876803 -0.1537037319 -0.193500085
0.2295 -0.1932419004 -0.1676145475 -0.2112019395
0.23 -0.209944256 -0.1818704133 -0.2291316253
0.2305 -0.2267231587 -0.1964410334 -0.2472148822
0.231 -0.2435084687 -0.2112954226 -0.2653761478
0.2315 -0.2602324403 -0.2264019745 -0.2835392574
0.232 -0.2768305866 -0.2417285287 -0.3016281863
0.2325 -0.2932424307 -0.2572424417 -0.3195678214
0.233 -0.309412122 -0.2729106559 -0.3372847461
0.2335 -0.3252889027 -0.2886997721 -0.3547080207
0.234 -0.3408274185 -0.3045761201 -0.3717699424
0.2345 -0.3559878784 -0.3205058317 -0.3884067675
0.235 -0.3707360712 -0.3364549126 -0.4045593789
0.2355 -0.3850432572 -0.3523893154 -0.4201738854
0.236 -0.3988859516 -0.368275012 -0.4352021395
0.2365 -0.4122456233 -0.3840780658 -0.4496021611
0.237 -0.4251083289 -0.399764704 -0.4633384616
0.2375 -0.4374643035 -0.415301389 -0.4763822613
0.238 -0.4493075267 -0.4306548892 -0.4887115974
0.2385 -0.460635279 -0.4457923492 -0.5003113233
0.239 -0.4714477039 -0.4606813588 -0.5111730027
0.2395 -0.4817473843 -0.4752900212 -0.5212947032
0.24 -0.4915389421 -0.4895870195 -0.5306806974
0.2405 -0.500828666 -0.5035416822 -0.5393410818
0.241 -0.5096241708 -0.5171240472 -0.5472913238
0.2415 -0.5179340893 -0.5303049236 -0.5545517496
0.242 -0.5257677985 -0.5430559526 -0.5611469852
0.2425 -0.5331351764 -0.5553496656 -0.5671053634
0.243 -0.540046391 -0.5671595409 -0.5724583096
0.2435 -0.546511717 -0.5784600578 -0.5772397179
0.244 -0.5525413782 -0.5892267485 -0.5814853285
0.2445 -0.5581454144 -0.5994362482 -0.5852321163
0.245 -0.5633335683 -0.6090663417 -0.5885176997
0.2455 -0.5681151906 -0.6180960084 -0.5913797747
0.246 -0.5724991622 -0.626505464 -0.5938555834
0.2465 -0.5764938281 -0.6342761996 -0.5959814168
0.247 -0.5801069451 -0.6413910181 -0.5977921588
0.2475 -0.5833456371 -0.6478340677 -0.5993208702
0.248 -0.5862163605 -0.6535908723 -0.600598415
0.2485 -0.5887248745 -0.6586483588 -0.6016531276
0.249 -0.5908762175 -0.6629948815 -0.6025105211
0.2495 -0.5926746883 -0.6666202433 -0.6031930336
0.25 -0.5941238293 -0.6695157139 -0.6037198127
0.2505 -0.595226413 -0.6716740445 -0.604106534
0.251 -0.5959844303 -0.6730894792 -0.6043652537
0.2515 -0.5963990795 -0.673757764 -0.6045042923
0.252 -0.5964707568 -0.6736761512 -0.6045281478
0.2525 -0.5961990463 -0.6728434017 -0.6044374383
0.253 -0.5955827114 -0.6712597839 -0.6042288721
0.2535 -0.5946196852 -0.6689270682 -0.6038952465
0.254 -0.5933070616 -0.6658485203 -0.6034254744
0.2545 -0.5916410863 -0.6620288892 -0.60280464
0.255 -0.5896171482 -0.6574743937 -0.602014086
0.2555 -0.5872297709 -0.6521927046 -0.6010315322
0.256 -0.5844726062 -0.6461929247 -0.5998312295
0.2565 -0.5813384275 -0.6394855653 -0.5983841506
0.257 -0.5778191274 -0.6320825196 -0.5966582198
0.2575 -0.5739057164 -0.6239970336 -0.5946185849
0.258 -0.5695883274 -0.6152436742 -0.5922279329
0.2585 -0.5648562247 -0.6058382939 -0.589446851
0.259 -0.5596978201 -0.5957979937 -0.5862342334
0.2595 -0.5541006988 -0.5851410826 -0.5825477359
0.26 -0.5480516547 -0.5738870354 -0.5783442747
0.2605 -0.5415367412 -0.5620564475 -0.5735805689
0.261 -0.5345413366 -0.5496709878 -0.5682137227
0.2615 -0.5270502302 -0.536753349 -0.5622018425
0.262 -0.5190477317 -0.5233271965 -0.5555046812
0.2625 -0.5105178075 -0.5094171148 -0.5480843028
0.263 -0.5014442488 -0.4950485523 -0.5399057567
0.2635 -0.491810876 -0.4802477644 -0.5309377506
0.264 -0.4816017834 -0.465041755 -0.5211533103
0.2645 -0.4708016294 -0.4494582167 -0.510530412
0.265 -0.459395976 -0.4335254697 -0.4990525741
0.2655 -0.4473716805 -0.4172723992 -0.4867093944
0.266 -0.4347173411 -0.4007283922 -0.4734970173
0.2665 -0.4214237975 -0.3839232736 -0.4594185209
0.267 -0.4074846824 -0.3668872407 -0.4444842082
0.2675 -0.3928970183 -0.3496507982 -0.4287117952
0.268 -0.3776618509 -0.3322446921 -0.4121264868
0.2685 -0.3617849017 -0.3146998435 -0.3947609333
0.269 -0.3452772209 -0.2970472821 -0.3766550677
0.2695 -0.3281558161 -0.27931808 -0.3578558208
0.27 -0.3104442222 -0.2615432857 -0.3384167203
0.2705 -0.2921729811 -0.2437538579 -0.3183973779
0.271 -0.2733799907 -0.2259806002 -0.297862876
0.2715 -0.2541106854 -0.2082540963 -0.2768830652
0.272 -0.234418014 -0.1906046458 -0.2555317872
0.2725 -0.2143621841 -0.1730622012 -0.2338860405
0.273 -0.1940101575 -0.1556563053 -0.2120251055
0.2735 -0.1734348903 -0.1384160305 -0.1900296502
0.274 -0.1527143295 -0.1213699188 -0.1679808323
0.2745 -0.1319301981 -0.1045459233 -0.1459594193
0.275 -0.1111666113 -0.0879713518 -0.1240449428
0.2755 -0.09050858615 -0.07167281105 -0.1023149029
0.276 -0.07004051183 -0.05567615373 -0.08084403821
0.2765 -0.04984465413 -0.04000642669 -0.05970367225
0.277 -0.02999976237 -0.02468782154 -0.03896114611
0.2775 -0.01057983977 -0.009743627086 -0.01867934437
0.278 0.008346875827 0.0048038158 0.001083682095
0.2785 0.02671869038 0.01893315721 0.02027499485
0.279 0.04448097808 0.03262407872 0.03884694942
0.2795 0.06158645507 0.04585733152 0.056757283
0.28 0.07799522011 0.05861477197 0.07396911386
0.2805 0.09367459008 0.07087939451 0.09045085965
0.281 0.1085987656 0.08263536199 0.1061760831
0.2815 0.1227483651 0.09386803313 0.1211232745
0.282 0.1361098652 0.1045639873 0.1352755817
0.2825 0.1486749836 0.1147110464 0.1486204967
0.283 0.1604400357 0.1242982938 0.1611495114
0.2835 0.171405292 0.1333160906 0.1728577505
0.284 0.1815743556 0.1417560887 0.1837435926
0.2845 0.1909535773 0.149611241 0.1938082885
0.285 0.1995515177 0.1568758087 0.2030555838
0.2855 0.2073784631 0.1635453654 0.2114913545
0.286 0.214445999 0.1696167986 0.2191232609
0.2865 0.2207666404 0.1750883078 0.2259604253
0.287 0.2263535196 0.1799594 0.2320131379
0.2875 0.2312201265 0.184230882 0.2372925944
0.288 0.2353800996 0.18790485 0.2418106676
0.2885 0.2388470631 0.1909846762 0.2455797133
0.289 0.241634505 0.1934749925 0.2486124136
0.2895 0.2437556942 0.1953816715 0.2509216553
0.29 0.2452236308 0.196711805 0.2525204434
0.2905 0.2460510268 0.1974736792 0.253421849
0.291 0.2462503133 0.1976767481 0.2536389891
0.2915 0.2458336727 0.1973316034 0.253185035
0.292 0.2448130908 0.1964499431 0.2520732493
0.2925 0.2432004284 0.1950445364 0.2503170451
0.293 0.2410075095 0.1931291875 0.2479300662
0.2935 0.2382462226 0.1907186963 0.2449262847
0.294 0.2349286358 0.1878288176 0.2413201099
0.2945 0.2310671204 0.184476218 0.2371265084
0.295 0.2266744835 0.1806784307 0.2323611277
0.2955 0.2217641056 0.1764538091 0.2270404213
0.296 0.2163500811 0.1718214783 0.2211817718
0.2965 0.2104473602 0.1668012847 0.2148036066
0.297 0.2040718867 0.1614137452 0.2079255041
0.2975 0.1972407312 0.155679994 0.2005682855
0.298 0.1899722147 0.1496217288 0.1927540919
0.2985 0.1822860193 0.1432611557 0.1845064404
0.299 0.1742032827 0.1366209334 0.1758502601
0.2995 0.1657466724 0.1297241165 0.1668119047
0.3 0.1569404365 0.1225940979 0.1574191412
0.3005 0.1478104267 0.115254551 0.1477011132
0.301 0.1383840929 0.1077293712 0.13768828
0.3015 0.1286904449 0.1000426176 0.1274123312
0.302 0.118759981 0.09221845433 0.1169060775
0.3025 0.108624583 0.08428109145 0.1062033206
0.303 0.09831737786 0.07625472686 0.09533870349
0.3035 0.08787256844 0.06816348788 0.08434754325
0.304 0.07732523507 0.06003137352 0.07326565067
0.3045 0.06671111304 0.05188219724 0.06212913867
0.305 0.05606635032 0.0437395304 0.05097422359
0.3055 0.04542725142 0.03562664658 0.03983702279
0.306 0.03483001369 0.02756646685 0.02875335212
0.3065 0.02431046249 0.01958150604 0.01775852681
0.307 0.01390379205 0.01169382036 0.006887169038
0.3075 0.003644317971 0.003924956225 -0.003826974663
0.308 -0.006434752672 -0.003704099433 -0.0143512034
0.3085 -0.01630152889 -0.01117296728 -0.02465401699
0.309 -0.02592561703 -0.01846192206 -0.03470525415
0.3095 -0.03527827295 -0.02555193726 -0.04447621227
0.31 -0.04433252343 -0.03242472796 -0.05393974795
0.3105 -0.05306325619 -0.03906279167 -0.06307035759
0.311 -0.06144727934 -0.04544944709 -0.07184423821
0.3115 -0.06946335131 -0.05156887079 -0.08023932892
0.312 -0.07709218397 -0.05740613157 -0.08823533373
0.3125 -0.08431642145 -0.06294722259 -0.09581372725
0.313 -0.09112059824 -0.06817909108 -0.1029577446
0.3135 -0.09749108004 -0.07308966559 -0.1096523573
0.314 -0.1034159911 -0.07766788079 -0.1158842376
0.3145 -0.1088851317 -0.08190369968 -0.121641713
0.315 -0.1138898893 -0.08578813318 -0.1269147131
0.3155 -0.1184231467 -0.0893132571 -0.1316947113
0.316 -0.1224791899 -0.09247222645 -0.1359746642
0.3165 -0.1260536189 -0.09525928698 -0.1397489487
0.317 -0.1291432628 -0.09766978402 -0.1430133016
0.3175 -0.131746102 -0.09970016863 -0.1457647611
0.318 -0.1338611988 -0.1013480009 -0.1480016129
0.3185 -0.1354886362 -0.1026119504 -0.1497233422
0.319 -0.1366294688 -0.1034917943 -0.150930592
0.3195 -0.1372856824 -0.1039884122 -0.1516251289
0.32 -0.1374601661 -0.1041037786 -0.1518098173
0.3205 -0.1371566943 -0.1038409525 -0.1514886009
0.321 -0.1363799198 -0.1032040643 -0.1506664922
0.3215 -0.1351353768 -0.1021983003 -0.1493495701
0.322 -0.1334294928 -0.1008298842 -0.1475449835
0.3225 -0.1312696096 -0.09910605652 -0.1452609618
0.323 -0.1286640108 -0.09703505112 -0.1425068289
0.3235 -0.1256219553 -0.09462606947 -0.1392930217
0.324 -0.1221537155 -0.09188925256 -0.1356311105
0.3245 -0.1182706168 -0.08883565041 -0.1315338197
0.325 -0.1139850798 -0.08547718949 -0.1270150474
0.3255 -0.1093106591 -0.08182663785 -0.1220898818
0.326 -0.1042620806 -0.07789756831 -0.1167746145
0.3265 -0.0988552722 -0.07370431962 -0.111086746
0.327 -0.09310738741 -0.0692619558 -0.1050449852
0.3275 -0.08703681952 -0.06458622363 -0.09866923924
0.328 -0.0806632039 -0.05969350861 -0.09198059387
0.3285 -0.07400740724 -0.05460078918 -0.08500128239
0.329 -0.06709150188 -0.04932558971 -0.07775464359
0.3295 -0.05993872429 -0.04388593196 -0.07026506729
0.33 -0.05257341678 -0.03830028548 -0.062557928
0.3305 -0.04502095225 -0.03258751682 -0.05465950653
0.331 -0.03730764202 -0.02676683786 -0.04659690015
0.3315 -0.02946062766 -0.02085775322 -0.03839792209
0.332 -0.02150775797 -0.01488000701 -0.03009099135
0.3325 -0.01347745279 -0.00885352902 -0.0217050142
0.333 -0.005398556039 -0.002798380353 -0.01326925873
0.3335 0.002699819488 0.003265301122 -0.004813224399
0.334 0.01078845261 0.009317355599 0.003633491881
0.3345 0.0188381764 0.01533765618 0.01204133097
0.335 0.02682003974 0.02130616364 0.02038090621
0.3355 0.03470546463 0.02720298099 0.02862313561
0.336 0.04246639622 0.03300840768 0.0367393697
0.3365 0.05007544284 0.03870299333 0.04470151319
0.337 0.05750600363 0.04426759085 0.05248213905
0.3375 0.06473238183 0.04968340884 0.06005459331
0.338 0.0717298824 0.05493206306 0.06739308982
0.3385 0.07847489295 0.059995627 0.07447279371
0.339 0.08494494765 0.06485668126 0.08126989329
0.3395 0.09111877433 0.06949836174 0.08776165989
0.34 0.09697632525 0.07390440645 0.09392649566
0.3405 0.1024987928 0.07805920086 0.09974396979
0.341 0.1076686112 0.08194782169 0.1051948435
0.3415 0.1124694461 0.08555607896 0.1102610848
0.342 0.1168861742 0.0888705563 0.1149258739
0.3425 0.1209048542 0.09187864938 0.119173601
0.343 0.124512692 0.0945686023 0.1229898571
0.3435 0.1276980014 0.09692954193 0.12636142
0.344 0.1304501638 0.09895151012 0.1292762367
0.3445 0.1327595867 0.1006254936 0.1317234046
0.345 0.1346176654 0.1019434518 0.1336931518
0.3455 0.1360167476 0.1028983416 0.135176819
0.346 0.1369501036 0.1034841408 0.1361668449
0.3465 0.1374119033 0.1036958678 0.1366567552
0.347 0.1373972009 0.1035295997 0.1366411571
0.3475 0.1369019289 0.1029824873 0.1361157405
0.348 0.1359229017 0.1020527674 0.1350772859
0.3485 0.1344578298 0.100739773 0.1335236804
0.349 0.1325053443 0.09904393973 0.1314539413
0.3495 0.1300650332 0.09696681094 0.1288682472
0.35 0.1271374879 0.09451103869 0.1257679772
0.3505 0.12372436 0.09168038287 0.1221557561
0.351 0.1198284284 0.08847970721 0.1180355061
0.3515 0.1154536742 0.08491497262 0.1134125029
0.352 0.1106053637 0.08099322775 0.1082934347
0.3525 0.1052901362 0.07672259685 0.1026864632
0.353 0.09951609559 0.07211226495 0.09660128422
0.3535 0.09329290239 0.06717246027 0.09004918489
0.354 0.08663186412 0.06191443413 0.08304309764
0.3545 0.07954602027 0.05635043817 0.07559764642
0.355 0.07205021864 0.05049369905 0.06772918413
0.3555 0.06416117938 0.04435839066 0.05945581881
0.356 0.0558975431 0.03795960394 0.05079742649
0.3565 0.0472798993 0.03131331425 0.04177564893
0.357 0.03833079171 0.02443634653 0.03241387444
0.3575 0.02907469759 0.01734633822 0.02273720062
0.358 0.01953797831 0.01006170002 0.01277237796
0.3585 0.009748799666 0.002601574698 0.002547733771
0.359 -0.0002629791271 -0.005014206195 -0.007906923714
0.3595 -0.01046594744 -0.01276516732 -0.01856042067
0.36 -0.02082731507 -0.02063023636 -0.02938035158
0.3605 -0.03131311137 -0.0285877925 -0.04033323048
0.361 -0.04188840827 -0.03661571636 -0.05138465756
0.3615 -0.05251756242 -0.04469144141 -0.06249949902
0.362 -0.06316447121 -0.05279200667 -0.07364207745
0.3625 -0.07379283635 -0.06089411057 -0.08477636976
0.363 -0.08436642872 -0.0689741659 -0.09586620934
0.3635 -0.09484934774 -0.07700835561 -0.106875489
0.364 -0.1052062689 -0.08497268954 -0.1177683612
0.3645 -0.1154026737 -0.09284306168 -0.1285094318
0.365 -0.125405056 -0.100595308 -0.139063944
0.3655 -0.1351811022 -0.108205265 -0.1493979491
0.366 -0.1446998393 -0.1156488275 -0.1594784613
0.3665 -0.1539317518 -0.1229020083 -0.1692735928
0.367 -0.1628488642 -0.1299409959 -0.1787526687
0.3675 -0.1714247896 -0.1367422136 -0.1878863184
0.368 -0.1796347466 -0.1432823774 -0.1966465424
0.3685 -0.1874555452 -0.1495385538 -0.2050067556
0.369 -0.1948655451 -0.1554882172 -0.2129418035
0.3695 -0.2018445883 -0.1611093062 -0.2204279558
0.37 -0.2083739119 -0.1663802794 -0.2274428754
0.3705 -0.2144360415 -0.1712801704 -0.2339655655
0.371 -0.2200146721 -0.1757886409 -0.2399762972
0.3715 -0.2250945377 -0.1798860337 -0.2454565195
0.372 -0.229661274 -0.1835534233 -0.2503887546
0.3725 -0.2337012783 -0.1867726659 -0.2547564828
0.373 -0.237201568 -0.1895264472 -0.2585440182
0.3735 -0.2401496414 -0.1917983287 -0.2617363825
0.374 -0.2425333437 -0.1935727927 -0.2643191768
0.3745 -0.2443407396 -0.194835284 -0.2662784582
0.375 -0.2455599958 -0.1955722513 -0.2676006248
0.3755 -0.2461792741 -0.1957711851 -0.268272311
0.376 -0.2461866393 -0.195420654 -0.2682803
0.3765 -0.2455699812 -0.1945103389 -0.2676114545
0.377 -0.2443169563 -0.193031064 -0.2662526711
0.3775 -0.2424149483 -0.1909748261 -0.2641908598
0.378 -0.2398510524 -0.1883348207 -0.2614129532
0.3785 -0.2366120854 -0.1851054665 -0.2579059469
0.379 -0.2326846246 -0.1812824255 -0.2536569726
0.3795 -0.2280550799 -0.1768626224 -0.2486534079
0.38 -0.2227098016 -0.1718442594 -0.2428830201
0.3805 -0.2166352292 -0.1662268293 -0.2363341478
0.381 -0.2098180851 -0.1600111252 -0.2289959179
0.3815 -0.2022456164 -0.1531992475 -0.2208584971
0.382 -0.1939058897 -0.1457946078 -0.2119133767
0.3825 -0.1847881409 -0.13780193 -0.2021536866
0.383 -0.1748831832 -0.1292272484 -0.1915745351
0.3835 -0.1641838722 -0.1200779025 -0.1801733705
0.384 -0.1526856258 -0.1103625295 -0.1679503563
0.3845 -0.1403869952 -0.1000910531 -0.1549087554
0.385 -0.1272902758 -0.08927466974 -0.1410553141
0.3855 -0.1134021454 -0.07792583209 -0.1264006378
0.386 -0.09873430987 -0.06605822908 -0.1109595478
0.3865 -0.08330413236 -0.05368676351 -0.09475141141
0.387 -0.0671352158 -0.04082752671 -0.07780043172
0.3875 -0.05025790427 -0.02749777039 -0.0601358899
0.388 -0.03270966556 -0.01371587577 -0.04179232715
0.3885 -0.01453531637 0.0004986799385 -0.02280965778
0.389 0.004212946399 0.01512535963 -0.00323320397
0.3895 0.02347573909 0.03014260495 0.0168863553
0.39 0.04318693109 0.04552787741 0.03749312755
0.3905 0.06327433915 0.06125770181 0.0585262464
0.391 0.08366066891 0.07730771195 0.07992020967
0.3915 0.1042646789 0.09365269854 0.1016053156
0.392 0.1250025253 0.1102666592 0.1235081942
0.3925 0.1457892305 0.1271228503 0.1455524274
0.393 0.1665402097 0.1441938409 0.1676592514
0.3935 0.1871727823 0.1614515682 0.1897483271
0.394 0.2076075979 0.1788673946 0.2117385686
0.3945 0.2277699143 0.1964121668 0.2335490116
0.395 0.2475906747 0.2140562753 0.2550997062
0.3955 0.2670073512 0.2317697161 0.2763126143
0.396 0.2859645352 0.2495221528 0.2971124944
0.3965 0.3044142739 0.2672829805 0.3174277533
0.397 0.3223161679 0.2850213893 0.3371912471
0.3975 0.3396372547 0.3027064299 0.3563410142
0.398 0.3563517112 0.3203070789 0.3748209244
0.3985 0.3724404138 0.3377923044 0.392581232
0.399 0.387890394 0.3551311327 0.4095790207
0.3995 0.402694226 0.3722927141 0.4257785343
0.4 0.4168493787 0.3892463895 0.4411513872
0.4005 0.4303575601 0.4059617565 0.4556766544
0.401 0.4432240758 0.4224087349 0.4693408421
0.4015 0.455457219 0.4385576326 0.4821377435
0.402 0.4670677023 0.4543792094 0.4940681876
0.4025 0.4780681406 0.469844742 0.5051396897
0.403 0.4884725863 0.4849260864 0.5153660154
0.4035 0.4982961198 0.49959574 0.5247666713
0.404 0.5075544935 0.5138269026 0.5333663353
0.4045 0.5162638251 0.5275935358 0.54119424
0.405 0.5244403382 0.5408704212 0.5482835257
0.4055 0.5321001452 0.5536332166 0.554670573
0.406 0.5392590676 0.5658585113 0.5603943308
0.4065 0.5459324891 0.5775238782 0.5654956494
0.407 0.5521352384 0.5886079257 0.5700166296
0.4075 0.5578814956 0.5990903457 0.5739999972
0.408 0.5631847197 0.6089519611 0.5774885086
0.4085 0.5680575941 0.6181747694 0.5805243951
0.409 0.5725119856 0.6267419854 0.5831488478
0.4095 0.5765589164 0.6346380802 0.5854015488
0.41 0.5802085446 0.641848818 0.5873202465
0.4105 0.5834701526 0.6483612909 0.5889403786
0.411 0.5863521423 0.6541639497 0.5902947399
0.4115 0.5888620334 0.6592466327 0.5914131953
0.412 0.5910064665 0.6636005915 0.5923224344
0.4125 0.5927912078 0.6672185134 0.5930457669
0.413 0.594221156 0.6700945412 0.5936029554
0.4135 0.5953003501 0.6722242899 0.5940100843
0.414 0.5960319779 0.6736048598 0.5942794615
0.4145 0.5964183849 0.6742348472 0.5944195516
0.415 0.5964610837 0.6741143509 0.5944349389
0.4155 0.5961607625 0.6732449766 0.5943263198
0.416 0.595517295 0.6716298371 0.5940905227
0.4165 0.594529749 0.6692735499 0.5937205564
0.417 0.5931963968 0.666182231 0.5932056874
0.4175 0.5915147252 0.6623634862 0.5925315467
0.418 0.5894814468 0.6578263983 0.5916802677
0.4185 0.5870925135 0.6525815118 0.5906306566
0.419 0.5843431314 0.6466408138 0.5893583977
0.4195 0.581227779 0.6400177125 0.587836295
0.42 0.5777402296 0.6327270116 0.586034552
0.4205 0.573873578 0.6247848827 0.5839210921
0.421 0.5696202742 0.6162088338 0.581461919
0.4215 0.5649721636 0.6070176756 0.5786215198
0.422 0.5599205375 0.5972314838 0.5753633079
0.4225 0.5544561937 0.5868715601 0.5716501075
0.423 0.5485695105 0.5759603894 0.5674446733
0.4235 0.5422505356 0.5645215944 0.5627102457
0.424 0.5354890926 0.5525798881 0.5574111326
0.4245 0.5282749076 0.5401610237 0.551513314
0.425 0.5205977582 0.5272917418 0.5449850594
0.4255 0.5124476474 0.5139997158 0.5377975505
0.426 0.503815006 0.5003134951 0.5299254958
0.4265 0.4946909242 0.486262446 0.5213477291
0.427 0.4850674153 0.4718766908 0.5120477763
0.4275 0.4749377124 0.4571870455 0.5020143803
0.428 0.464296598 0.4422249556 0.4912419689
0.4285 0.4531407664 0.4270224301 0.4797310563
0.429 0.441469215 0.4116119748 0.4674885638
0.4295 0.4292836606 0.3960265239 0.4545280518
0.43 0.4165889743 0.3802993707 0.4408698535
0.4305 0.4033936239 0.3644640973 0.4265411047
0.431 0.3897101126 0.3485545037 0.4115756657
0.4315 0.3755553993 0.3326045362 0.3960139342
0.432 0.3609512803 0.3166482151 0.3799025504
0.4325 0.345924715 0.3007195628 0.3632940006
0.433 0.3305080731 0.2848525306 0.3462461247
0.4335 0.3147392809 0.2690809266 0.3288215391
0.434 0.2986618487 0.2534383433 0.3110869873
0.4345 0.28232476 0.2379580854 0.2931126313
0.435 0.2657822119 0.2226730983 0.2749713015
0.4355 0.2490932006 0.2076158972 0.2567377205
0.436 0.2323209535 0.1928184967 0.2384877183
0.4365 0.2155322211 0.178312342 0.2202974562
0.437 0.198796447 0.1641282402 0.2022426747
0.4375 0.1821848454 0.150296294 0.1843979817
0.438 0.1657694205 0.1368458356 0.1668361931
0.4385 0.1496219676 0.1238053631 0.1496277376
0.439 0.1338130949 0.1112024782 0.1328401345
0.4395 0.1184113059 0.09906382517 0.1165375513
0.44 0.1034821762 0.08741503298 0.100780444
0.4405 0.08908765197 0.07628065828 0.08562528311
0.441 0.07528548905 0.06568413126 0.07112436256
0.4415 0.06212884309 0.05564770366 0.05732568967
0.442 0.04966601134 0.04619239915 0.04427295001
0.4425 0.03794031936 0.03733796632 0.03200554064
0.443 0.026990139 0.02910283432 0.02055866336
0.4435 0.01684901929 0.02150407117 0.009963468534
0.444 0.007545908664 0.01455734501 0.0002472396056
0.4445 -0.0008945542421 0.008276888242 -0.008566392189
0.445 -0.008451704126 0.002675464633 -0.0164572133
0.4455 -0.0151084883 -0.002235660413 -0.02340818374
0.446 -0.02085110127 -0.006446746482 -0.02940519315
0.4465 -0.02566863165 -0.009949601535 -0.03443682608
0.447 -0.02955273565 -0.01273760203 -0.03849414471
0.4475 -0.03249734878 -0.01480570973 -0.04157049621
0.448 -0.03449844483 -0.01615048509 -0.04366135084
0.4485 -0.0355538488 -0.01677009737 -0.04476417574
0.449 -0.03566310846 -0.01666433118 -0.04487834792
0.4495 -0.03482742736 -0.01583458967 -0.0440051089
0.45 -0.03304966034 -0.01428389425 -0.04214756198
0.4505 -0.03033437101 -0.01201688085 -0.03931071183
0.451 -0.02668794934 -0.009039792678 -0.03550154471
0.4515 -0.02211878547 -0.005360469624 -0.03072914648
0.452 -0.01663749447 -0.0009883341345 -0.02500485416
0.4525 -0.01025718458 0.004065626248 -0.01834243569
0.453 -0.002993759655 0.009788879743 -0.01075829129
0.4535 0.005133756191 0.01616737452 -0.002271669102
0.454 0.01410288556 0.02318556617 0.007095113502
0.4545 0.0238873729 0.03082644839 0.01731645187
0.455 0.03445688616 0.03907158686 0.02836324905
0.4555 0.04577676493 0.04790115623 0.04020273364
0.456 0.05780783578 0.05729398005 0.05279831058
0.4565 0.07050631522 0.06722757379 0.06610945452
0.457 0.08382381918 0.07767819057 0.0800916551
0.4575 0.0977074945 0.0886208697 0.09469642231
0.458 0.1121002835 0.100029488 0.1098713592
0.4585 0.1269413268 0.1118768133 0.1255603076
0.459 0.1421665007 0.1241345611 0.1417035704
0.4595 0.1577090811 0.1367734526 0.1582382129
0.46 0.1735005131 0.1497632759 0.175098442
0.4605 0.1894712621 0.1630729484 0.1922160608
0.461 0.2055517158 0.1766705818 0.209520994
0.4615 0.2216731006 0.1905235486 0.226941875
0.462 0.2377683774 0.2045985505 0.2444066868
0.4625 0.2537730828 0.2188616877 0.2618434435
0.463 0.2696260831 0.2332785307 0.279180899
0.4635 0.2852702176 0.247814192 0.2963492689
0.464 0.3006528135 0.2624334 0.3132809485
0.4645 0.3157260613 0.277100573 0.3299112124
0.465 0.3304472504 0.2917798948 0.3461788784
0.4655 0.344778868 0.3064353899 0.3620269212
0.466 0.3586885732 0.3210309997 0.3774030221
0.4665 0.3721490614 0.3355306594 0.3922600419
0.467 0.3851378363 0.349898374 0.4065564066
0.4675 0.3976369086 0.364098295 0.4202563993
0.468 0.4096324413 0.3780947968 0.4333303515
0.4685 0.4211143582 0.3918525524 0.4457547316
0.469 0.4320759338 0.4053366089 0.4575121317
0.4695 0.4425133759 0.418512462 0.4685911535
0.47 0.4524254148 0.43134613 0.4789862001
0.4705 0.4618129059 0.4438042266 0.4886971796
0.471 0.4706784539 0.4558540321 0.4977291291
0.4715 0.4790260617 0.4674635644 0.5060917703
0.472 0.4868608079 0.4786016472 0.513799007
0.4725 0.4941885528 0.4892379773 0.5208683755
0.473 0.5010156734 0.4993431903 0.5273204611
0.4735 0.5073488272 0.5088889239 0.5331782902
0.474 0.5131947414 0.5178478792 0.5384667105
0.4745 0.5185600272 0.5261938803 0.5432117687
0.475 0.5234510159 0.533901931 0.547440094
0.4755 0.5278736147 0.5409482693 0.5511782973
0.476 0.5318331795 0.5473104197 0.5544523903
0.4765 0.5353344028 0.5529672421 0.5572872324
0.477 0.5383812135 0.5578989788 0.559706008
0.4775 0.5409766872 0.5620872977 0.5617297396
0.478 0.5431229648 0.5655153331 0.5633768365
0.4785 0.5448211769 0.5681677238 0.5646626835
0.479 0.5460713736 0.570030647 0.5655992697
0.4795 0.5468724569 0.5710918499 0.5661948582
0.48 0.547222115 0.5713406777 0.5664536978
0.4805 0.5471167577 0.5707680983 0.5663757777
0.481 0.5465514512 0.5693667235 0.5659566265
0.4815 0.5455198516 0.5671308266 0.565187156
0.482 0.5440141378 0.5640563573 0.564053553
0.4825 0.5420249413 0.5601409518 0.5625372217
0.483 0.5395412746 0.5553839409 0.5606147785
0.4835 0.5365504583 0.5497863528 0.5582581049
0.484 0.5330380461 0.543350914 0.5554344617
0.4845 0.5289877501 0.5360820455 0.5521066704
0.485 0.5243813677 0.5279858556 0.5482333659
0.4855 0.5191987124 0.51907013 0.5437693268
0.486 0.5134175505 0.5093443169 0.5386658872
0.4865 0.50701355 0.4988195101 0.5328714363
0.487 0.4999602447 0.4875084273 0.5263320069
0.4875 0.4922290221 0.4754253861 0.5189919572
0.488 0.4837891428 0.4625862759 0.5107947448
0.4885 0.4746078027 0.4490085267 0.5016837912
0.489 0.4646502507 0.4347110745 0.4916034331
0.4895 0.4538799781 0.4197143241 0.4804999512
0.49 0.4422589988 0.4040401077 0.4683226671
0.4905 0.4297482417 0.3877116418 0.4550250917
0.491 0.4163080799 0.3707534802 0.4405661084
0.4915 0.401899024 0.3531914642 0.4249111678
0.492 0.3864826068 0.3350526708 0.4080334687
0.4925 0.3700224858 0.3163653578 0.3899150969
0.493 0.3524857868 0.297158906 0.3705480921
0.4935 0.3338447002 0.27746376 0.3499354085
0.494 0.3140783323 0.2573113658 0.3280917389
0.4945 0.2931747863 0.2367341069 0.3050441697
0.495 0.2711334252 0.2157652381 0.2808326367
0.4955 0.2479672264 0.1944388176 0.2555101564
0.496 0.2237051019 0.1727896374 0.2291428116
0.4965 0.1983940103 0.1508531518 0.2018094754
0.497 0.172100655 0.1286654053 0.1736012661
0.4975 0.1449125377 0.1062629581 0.1446207332
0.498 0.1169381411 0.08368281174 0.1149807821
0.4985 0.08830605404 0.06096233281 0.08480335532
0.499 0.05916292262 0.03813917647 0.05421789535
0.4995 0.02967022567 0.01525120907 0.02335962305
0.5 2.514793698e-15 -0.007663569496 -0.007632329269
0.5005 -0.02967022567 -0.03056710387 -0.03861688376
0.501 -0.05916292262 -0.05342136133 -0.06945303305
0.5015 -0.08830605404 -0.07618840988 -0.100001855
0.502 -0.1169381411 -0.0988304961 -0.1301284755
0.5025 -0.1449125377 -0.1213101227 -0.159703929
0.503 -0.172100655 -0.1435901253 -0.1886068735
0.5035 -0.1983940103 -0.165633749 -0.2167251174
0.504 -0.2237051019 -0.1874047234 -0.2439569277
0.5045 -0.2479672264 -0.2088673372 -0.2702120928
0.505 -0.2711334252 -0.229986511 -0.2954127234
0.5055 -0.2931747863 -0.2507278699 -0.3194937835
0.506 -0.3140783323 -0.2710578127 -0.3424033523
0.5065 -0.3338447002 -0.2909435818 -0.3641026248
0.507 -0.3524857868 -0.3103533292 -0.3845656662
0.5075 -0.3700224858 -0.3292561818 -0.4037789426
0.508 -0.3864826068 -0.3476223044 -0.4217406542
0.5085 -0.401899024 -0.3654229604 -0.4384598996
0.509 -0.4163080799 -0.3826305699 -0.4539557039
0.5095 -0.4297482417 -0.3992187661 -0.4682559438
0.51 -0.4422589988 -0.4151624483 -0.4813962006
0.5105 -0.4538799781 -0.4304378328 -0.4934185726
0.511 -0.4646502507 -0.4450225007 -0.504370475
0.5115 -0.4746078027 -0.458895443 -0.5143034533
0.512 -0.4837891428 -0.4720371026 -0.5232720317
0.5125 -0.4922290221 -0.4844294132 -0.5313326146
0.513 -0.4999602447 -0.4960558354 -0.538542457
0.5135 -0.50701355 -0.5069013887 -0.5449587134
0.514 -0.5134175505 -0.5169526816 -0.5506375744
0.5145 -0.5191987124 -0.5261979368 -0.5556334932
0.515 -0.5243813677 -0.5346270143 -0.5599985067
0.5155 -0.5289877501 -0.5422314302 -0.5637816483
0.516 -0.5330380461 -0.5490043721 -0.5670284513
0.5165 -0.5365504583 -0.5549407118 -0.569780539
0.517 -0.5395412746 -0.560037013 -0.5720752977
0.5175 -0.5420249413 -0.5642915369 -0.5739456252
0.518 -0.5440141378 -0.5677042433 -0.5754197529
0.5185 -0.5455198516 -0.5702767884 -0.5765211332
0.519 -0.5465514512 -0.5720125192 -0.5772683886
0.5195 -0.5471167577 -0.5729164638 -0.5776753179
0.52 -0.547222115 -0.572995319 -0.5777509564
0.5205 -0.5468724569 -0.5722574338 -0.5774996844
0.521 -0.5460713736 -0.5707127893 -0.5769213842
0.5215 -0.5448211769 -0.568372976 -0.5760116424
0.522 -0.5431229648 -0.5652511667 -0.5747619952
0.5225 -0.5409766872 -0.5613620867 -0.573160217
0.523 -0.5383812135 -0.5567219809 -0.571190651
0.5235 -0.5353344028 -0.5513485772 -0.5688345807
0.524 -0.5318331795 -0.5452610471 -0.5660706414
0.5245 -0.5278736147 -0.5384799635 -0.5628752709
0.525 -0.5234510159 -0.531027255 -0.5592231979
0.5255 -0.5185600272 -0.5229261579 -0.5550879646
0.526 -0.5131947414 -0.5142011655 -0.5504424807
0.5265 -0.5073488272 -0.5048779743 -0.5452596055
0.527 -0.5010156734 -0.4949834285 -0.5395127502
0.5275 -0.4941885528 -0.484545461 -0.533176496
0.528 -0.4868608079 -0.4735930336 -0.5262272192
0.5285 -0.4790260617 -0.4621560738 -0.5186437141
0.529 -0.4706784539 -0.4502654104 -0.5104078033
0.5295 -0.4618129059 -0.4379527071 -0.5015049262
0.53 -0.4524254148 -0.4252503939 -0.4919246923
0.5305 -0.4425133759 -0.4121915983 -0.4816613885
0.531 -0.4320759338 -0.3988100731 -0.4707144295
0.5315 -0.4211143582 -0.3851401249 -0.4590887384
0.532 -0.4096324413 -0.3712165404 -0.4467950495
0.5325 -0.3976369086 -0.357074512 -0.4338501228
0.533 -0.3851378363 -0.3427495629 -0.4202768634
0.5335 -0.3721490614 -0.3282774712 -0.4061043419
0.534 -0.3586885732 -0.3136941938 -0.3913677108
0.5345 -0.344778868 -0.2990357899 -0.3761080192
0.535 -0.3304472504 -0.2843383446 -0.3603719266
0.5355 -0.3157260613 -0.2696378922 -0.3442113214
0.536 -0.3006528135 -0.2549703401 -0.3276828522
0.5365 -0.2852702176 -0.2403713926 -0.3108473819
0.537 -0.2696260831 -0.2258764757 -0.2937693764
0.5375 -0.2537730828 -0.2115206625 -0.2765162423
0.538 -0.2377683774 -0.1973385989 -0.2591576289
0.5385 -0.2216731006 -0.1833644312 -0.2417647095
0.539 -0.2055517158 -0.1696317341 -0.2244094594
0.5395 -0.1894712621 -0.1561734404 -0.2071639447
0.54 -0.1735005131 -0.1430217723 -0.1900996388
0.5405 -0.1577090811 -0.1302081738 -0.1732867781
0.541 -0.1421665007 -0.1177632451 -0.1567937704
0.5415 -0.1269413268 -0.1057166794 -0.1406866657
0.542 -0.1121002835 -0.09409720063 -0.1250286955
0.5425 -0.0977074945 -0.08293250429 -0.1098798888
0.543 -0.08382381918 -0.07224920021 -0.0952967641
0.5435 -0.07050631522 -0.06207275764 -0.0813321017
0.544 -0.05780783578 -0.05242745294 -0.06803479125
0.5445 -0.04577676493 -0.04333631988 -0.05544975297
0.545 -0.03445688616 -0.03482110262 -0.04361792604
0.5455 -0.0238873729 -0.0269022116 -0.03257631734
0.546 -0.01410288556 -0.01959868218 -0.02235810221
0.5465 -0.005133756191 -0.01292813646 -0.01299276822
0.547 0.002993759655 -0.006906748006 -0.004506292018
0.5475 0.01025718458 -0.00154920981 0.003078660345
0.548 0.01663749447 0.003131294565 0.009742519849
0.5485 0.02211878547 0.007123116587 0.01546859708
0.549 0.02668794934 0.01041616504 0.02024287018
0.5495 0.03033437101 0.01300192495 0.02405378644
0.55 0.03304966034 0.01487347312 0.02689208514
0.5505 0.03482742736 0.01602549025 0.0287506481
0.551 0.03566310846 0.01645426962 0.02962438325
0.5515 0.0355538488 0.01615772228 0.02951014553
0.552 0.03449844483 0.01513537885 0.02840669798
0.5525 0.03249734878 0.01338838779 0.02631471461
0.553 0.02955273565 0.01091951026 0.02323682546
0.5535 0.02566863165 0.007733111542 0.01917770277
0.554 0.02085110127 0.003835149024 0.01414418597
0.5545 0.0151084883 -0.0007668431528 0.008145441726
0.555 0.008451704126 -0.006063772825 0.001193154368
0.5555 0.0008945542421 -0.01204501182 -0.006698259632
0.556 -0.007545908664 -0.0186984212 -0.01551142018
0.5565 -0.01684901929 -0.02601037974 -0.02522574335
0.557 -0.026990139 -0.03396581544 -0.03581720147
0.5575 -0.03794031936 -0.04254824016 -0.04725809324
0.558 -0.04966601134 -0.0517397872 -0.0595168341
0.5585 -0.06212884309 -0.06152125173 -0.07255777718
0.559 -0.07528548905 -0.07187213406 -0.08634107525
0.5595 -0.08908765197 -0.08277068555 -0.1008225936
0.56 -0.1034821762 -0.09419395715 -0.115953883
0.5605 -0.1184113059 -0.1061178504 -0.1316822213
0.561 -0.1338130949 -0.1185171708 -0.1479507301
0.5615 -0.1496219676 -0.1313656834 -0.1646985718
0.562 -0.1657694205 -0.1446361705 -0.1818612308
0.5625 -0.1821848454 -0.1583004917 -0.199370878
0.563 -0.198796447 -0.172329645 -0.2171568199
0.5635 -0.2155322211 -0.1866938305 -0.2351460253
0.564 -0.2323209535 -0.2013625152 -0.2532637255
0.5645 -0.2490932006 -0.2163044993 -0.2714340773
0.565 -0.2657822119 -0.2314879839 -0.2895808782
0.5655 -0.28232476 -0.2468806401 -0.3076283208
0.566 -0.2986618487 -0.2624496782 -0.3255017701
0.5665 -0.3147392809 -0.278161919 -0.3431285491
0.567 -0.3305080731 -0.2939838648 -0.3604387142
0.5675 -0.345924715 -0.3098817715 -0.3773658044
0.568 -0.3609512803 -0.3258217208 -0.393847547
0.5685 -0.3755553993 -0.3417696926 -0.4098265041
0.569 -0.3897101126 -0.3576916379 -0.4252506462
0.5695 -0.4033936239 -0.373553551 -0.4400738389
0.57 -0.4165889743 -0.389321542 -0.4542562354
0.5705 -0.4292836606 -0.4049619085 -0.4677645647
0.571 -0.441469215 -0.4204412071 -0.4805723125
0.5715 -0.4531407664 -0.435726324 -0.4926597936
0.572 -0.464296598 -0.4507845444 -0.504014115
0.5725 -0.4749377124 -0.4655836217 -0.5146290361
0.573 -0.4850674153 -0.4800918452 -0.5245047303
0.5735 -0.4946909242 -0.4942781059 -0.5336474575
0.574 -0.503815006 -0.5081119616 -0.5420691582
0.5745 -0.5124476474 -0.5215637006 -0.5497869788
0.575 -0.5205977582 -0.5346044027 -0.5568227428
0.5755 -0.5282749076 -0.5472059995 -0.563202379
0.576 -0.5354890926 -0.5593413319 -0.56895532
0.5765 -0.5422505356 -0.5709842057 -0.5741138837
0.577 -0.5485695105 -0.5821094457 -0.5787126482
0.5775 -0.5544561937 -0.5926929463 -0.5827878325
0.578 -0.5599205375 -0.6027117209 -0.5863766905
0.5785 -0.5649721636 -0.6121439475 -0.5895169278
0.579 -0.5696202742 -0.6209690133 -0.5922461465
0.5795 -0.573873578 -0.6291675546 -0.5946013249
0.58 -0.5777402296 -0.6367214962 -0.5966183337
0.5805 -0.581227779 -0.6436140857 -0.5983314933
0.581 -0.5843431314 -0.6498299267 -0.5997731716
0.5815 -0.5870925135 -0.6553550078 -0.6009734244
0.582 -0.5894814468 -0.6601767292 -0.6019596762
0.5825 -0.5915147252 -0.6642839258 -0.6027564413
0.583 -0.5931963968 -0.6676668878 -0.6033850833
0.5835 -0.594529749 -0.6703173769 -0.6038636107
0.584 -0.595517295 -0.6722286411 -0.6042065076
0.5845 -0.5961607625 -0.6733954242 -0.6044245964
0.585 -0.5964610837 -0.6738139739 -0.6045249315
0.5855 -0.5964183849 -0.6734820454 -0.6045107227
0.586 -0.5960319779 -0.6723989023 -0.6043812867
0.5865 -0.5953003501 -0.6705653145 -0.604132027
0.587 -0.594221156 -0.6679835517 -0.6037544417
0.5875 -0.5927912078 -0.6646573755 -0.6032361596
0.588 -0.5910064665 -0.6605920265 -0.6025610068
0.5885 -0.5888620334 -0.6557942096 -0.6017091032
0.589 -0.5863521423 -0.6502720755 -0.6006569937
0.5895 -0.5834701526 -0.644035199 -0.5993778132
0.59 -0.5802085446 -0.6370945553 -0.5978414907
0.5905 -0.5765589164 -0.6294624918 -0.5960149927
0.591 -0.5725119856 -0.6211526986 -0.5938626096
0.5915 -0.5680575941 -0.612180175 -0.591346286
0.592 -0.5631847197 -0.6025611942 -0.588425997
0.5925 -0.5578814956 -0.5923132642 -0.5850601716
0.593 -0.5521352384 -0.5814550876 -0.5812061613
0.5935 -0.5459324891 -0.5700065178 -0.5768207542
0.594 -0.5392590676 -0.5579885133 -0.5718607313
0.5945 -0.5321001452 -0.54542309 -0.5662834608
0.595 -0.5244403382 -0.5323332707 -0.5600475251
0.5955 -0.5162638251 -0.518743033 -0.5531133731
0.596 -0.5075544935 -0.5046772558 -0.5454439886
0.5965 -0.4982961198 -0.4901616627 -0.5370055662
0.597 -0.4884725863 -0.4752227652 -0.5277681808
0.5975 -0.4780681406 -0.4598878037 -0.5177064395
0.598 -0.4670677023 -0.4441846866 -0.5068001029
0.5985 -0.455457219 -0.4281419295 -0.4950346592
0.599 -0.4432240758 -0.411788592 -0.4824018401
0.5995 -0.4303575601 -0.3951542142 -0.4689000628
0.6 -0.4168493787 -0.3782687524 -0.4545347862
0.6005 -0.402694226 -0.3611625136 -0.4393187689
0.601 -0.387890394 -0.3438660904 -0.4232722206
0.6015 -0.3724404138 -0.3264102944 -0.4064228385
0.602 -0.3563517112 -0.3088260902 -0.3888057247
0.6025 -0.3396372547 -0.2911445293 -0.3704631824
0.603 -0.3223161679 -0.2733966831 -0.3514443914
0.6035 -0.3044142739 -0.2556135774 -0.3318049697
0.604 -0.2859645352 -0.2378261265 -0.3116064254
0.6045 -0.2670073512 -0.220065068 -0.2909155123
0.605 -0.2475906747 -0.2023608978 -0.269803501
0.6055 -0.2277699143 -0.1847438068 -0.2483453804
0.606 -0.2076075979 -0.1672436179 -0.2266190083
0.6065 -0.1871727823 -0.1498897238 -0.2047042275
0.607 -0.1665402097 -0.1327110265 -0.1826819686
0.6075 -0.1457892305 -0.1157358784 -0.1606333555
0.608 -0.1250025253 -0.09899202352 -0.1386388357
0.6085 -0.1042646789 -0.0825065421 -0.1167773489
0.609 -0.08366066891 -0.06630579539 -0.09512555249
0.6095 -0.06327433915 -0.05041537308 -0.07375711509
0.61 -0.04318693109 -0.03486004235 -0.05274209129
0.6105 -0.02347573909 -0.01966369902 -0.03214638466
0.611 -0.004212946399 -0.004849320844 -0.01203130559
0.6115 0.01453531637 0.009561076969 0.007546773068
0.612 0.03270966556 0.02354648395 0.0265366621
0.6125 0.05025790427 0.03708693411 0.04489250565
0.613 0.0671352158 0.05016354321 0.06257383884
0.6135 0.08330413236 0.06275854342 0.07954555926
0.614 0.09873430987 0.07485531545 0.09577782004
0.6145 0.1134021454 0.08643841783 0.1112458534
0.615 0.1272902758 0.09749361355 0.1259297346
0.6155 0.1403869952 0.1080078939 0.1398140959
0.616 0.1526856258 0.1179694992 0.1528878024
0.6165 0.1641838722 0.1273679373 0.1651435984
0.617 0.1748831832 0.136193998 0.1765777356
0.6175 0.1847881409 0.1444397661 0.1871895925
0.618 0.1939058897 0.1520986297 0.1969812928
0.6185 0.2022456164 0.1591652874 0.205957332
0.619 0.2098180851 0.1656357506 0.2141242182
0.6195 0.2166352292 0.1715073444 0.2214901336
0.62 0.2227098016 0.176778705 0.2280646209
0.6205 0.2280550799 0.1814497736 0.2338582997
0.621 0.2326846246 0.1855217881 0.2388826151
0.6215 0.2366120854 0.1889972715 0.2431496206
0.622 0.2398510524 0.1918800181 0.2466717964
0.6225 0.2424149483 0.1941750754 0.2494619047
0.623 0.2443169563 0.1958887251 0.2515328795
0.6235 0.2455699812 0.1970284598 0.252897752
0.624 0.2461866393 0.1976029584 0.2535696095
0.6245 0.2461792741 0.1976220572 0.2535615845
0.625 0.2455599958 0.1970967206 0.2528868736
0.6255 0.2443407396 0.1960390075 0.2515587818
0.626 0.2425333437 0.1944620363 0.2495907893
0.6265 0.2401496414 0.1923799475 0.2469966379
0.627 0.237201568 0.189807864 0.2437904325
0.6275 0.2337012783 0.1867618494 0.2399867549
0.628 0.229661274 0.1832588643 0.2356007845
0.6285 0.2250945377 0.1793167205 0.2306484236
0.629 0.2200146721 0.1749540342 0.2251464221
0.6295 0.2144360415 0.1701901764 0.2191124985
0.63 0.2083739119 0.1650452229 0.2125654526
0.6305 0.2018445883 0.1595399024 0.2055252674
0.631 0.1948655451 0.1536955427 0.1980131968
0.6315 0.1874555452 0.1475340173 0.190051835
0.632 0.1796347466 0.1410776895 0.181665167
0.6325 0.1714247896 0.1343493562 0.1728785965
0.633 0.1628488642 0.1273721911 0.1637189509
0.6335 0.1539317518 0.1201696872 0.1542144612
0.634 0.1446998393 0.1127655983 0.1443947177
0.6345 0.1351811022 0.1051838809 0.1342906004
0.635 0.125405056 0.09744863577 0.1239341859
0.6355 0.1154026737 0.08958404867 0.1133586306
0.636 0.1052062689 0.08161433219 0.1025980342
0.6365 0.09484934774 0.07356366714 0.09168728368
0.637 0.08436642872 0.06545614447 0.08066188141
0.6375 0.07379283635 0.05731570766 0.06955776056
0.638 0.06316447121 0.04916609572 0.05841109087
0.6385 0.05251756242 0.04103078689 0.04725807825
0.639 0.04188840827 0.03293294328 0.03613476196
0.6395 0.03131311137 0.02489535646 0.02507681285
0.64 0.02082731507 0.01694039414 0.01411933607
0.6405 0.01046594744 0.009089948217 0.003296681642
0.641 0.0002629791271 0.001365384055 -0.007357734244
0.6415 -0.009748799666 -0.006212508678 -0.01781159451
0.642 -0.01953797831 -0.01362356359 -0.02803383079
0.6425 -0.02907469759 -0.02084828348 -0.03799475566
0.643 -0.03833079171 -0.02786788435 -0.04766617606
0.6435 -0.0472798993 -0.03466433767 -0.05702148721
0.644 -0.0558975431 -0.04122041046 -0.06603574659
0.6445 -0.06416117938 -0.04751970342 -0.07468572826
0.645 -0.07205021864 -0.05354668683 -0.08294995796
0.6455 -0.07954602027 -0.05928673415 -0.0908087301
0.646 -0.08663186412 -0.06472615338 -0.09824410796
0.6465 -0.09329290239 -0.06985221594 -0.1052399087
0.647 -0.09951609559 -0.07465318315 -0.1117816754
0.6475 -0.1052901362 -0.0791183301 -0.1178566375
0.648 -0.1106053637 -0.08323796705 -0.1234536626
0.6485 -0.1154536742 -0.08700345812 -0.1285632016
0.649 -0.1198284284 -0.09040723743 -0.1331772292
0.6495 -0.12372436 -0.09344282238 -0.1372891823
0.65 -0.1271374879 -0.09610482443 -0.1408938979
0.6505 -0.1300650332 -0.09838895694 -0.1439875528
0.651 -0.1325053443 -0.1002920404 -0.1465676067
0.6515 -0.1344578298 -0.1018120048 -0.1486327502
0.652 -0.1359229017 -0.1029478893 -0.1501828588
0.6525 -0.1369019289 -0.1036998392 -0.1512189533
0.653 -0.1373972009 -0.1040691001 -0.1517431689
0.6535 -0.1374119033 -0.1040580093 -0.1517587313
0.654 -0.1369501036 -0.1036699844 -0.1512699411
0.6545 -0.1360167476 -0.1029095097 -0.1502821665
0.655 -0.1346176654 -0.1017821194 -0.1488018421
0.6555 -0.1327595867 -0.1002943787 -0.1468364758
0.656 -0.1304501638 -0.09845386194 -0.1443946598
0.6565 -0.1276980014 -0.09626912841 -0.1414860868
0.657 -0.124512692 -0.09374969603 -0.1381215695
0.6575 -0.1209048542 -0.09090601228 -0.1343130604
0.658 -0.1168861742 -0.08774942309 -0.1300736731
0.6585 -0.1124694461 -0.0842921394 -0.1254177006
0.659 -0.1076686112 -0.08054720173 -0.1203606314
0.6595 -0.1024987928 -0.0765284426 -0.1149191593
0.66 -0.09697632525 -0.07225044715 -0.1091111885
0.6605 -0.09111877433 -0.06772851177 -0.1029558287
0.661 -0.08494494765 -0.06297860114 -0.09647338271
0.6615 -0.07847489295 -0.05801730355 -0.08968532269
0.662 -0.0717298824 -0.05286178472 -0.08261425577
0.6625 -0.06473238183 -0.04752974026 -0.07528387771
0.663 -0.05750600363 -0.04203934677 -0.06771891454
0.6635 -0.05007544284 -0.03640921181 -0.05994505217
0.664 -0.04246639622 -0.03065832286 -0.05198885406
0.6645 -0.03470546463 -0.02480599523 -0.04387766783
0.665 -0.02682003974 -0.01887181933 -0.0356395213
0.6655 -0.0188381764 -0.01287560717 -0.02730300944
0.666 -0.01078845261 -0.006837338352 -0.01889717335
0.6665 -0.002699819488 -0.0007771056636 -0.01045137296
0.667 0.005398556039 0.005284939627 -0.001995155179
0.6675 0.01347745279 0.01132864259 0.006441880625
0.668 0.02150775797 0.01733389947 0.01483021792
0.6685 0.02946062766 0.02328071241 0.0231405571
0.669 0.03730764202 0.02914924391 0.03134394641
0.6695 0.04502095225 0.03491987085 0.03941190793
0.67 0.05257341678 0.04057323808 0.04731655688
0.6705 0.05993872429 0.04609031131 0.05503071274
0.671 0.06709150188 0.05145242916 0.06252800085
0.6715 0.07400740724 0.05664135441 0.06978294341
0.672 0.0806632039 0.06163932417 0.07677103924
0.6725 0.08703681952 0.06642909884 0.0834688316
0.673 0.09310738741 0.0709940099 0.08985396402
0.6735 0.0988552722 0.07531800621 0.09590522422
0.674 0.1042620806 0.07938569887 0.1016025765
0.6745 0.1093106591 0.08318240445 0.1069271831
0.675 0.1139850798 0.08669418646 0.111861416
0.6755 0.1182706168 0.08990789503 0.1163888593
0.676 0.1221537155 0.09281120469 0.1204943048
0.6765 0.1256219553 0.09539265009 0.1241637408
0.677 0.1286640108 0.09764165964 0.127384337
0.6775 0.1312696096 0.09954858693 0.130144426
0.678 0.1334294928 0.10110474 0.1324334841
0.6785 0.1351353768 0.1023024079 0.1342421122
0.679 0.1363799198 0.1031348857 0.1355620187
0.6795 0.1371566943 0.1035964957 0.1363860053
0.68 0.1374601661 0.1036826075 0.1367079586
0.6805 0.1372856824 0.1033896545 0.1365228463
0.681 0.1366294688 0.1027151482 0.1358267205
0.6815 0.1354886362 0.1016576899 0.1346167284
0.682 0.1338611988 0.1002169795 0.132891131
0.6825 0.131746102 0.09839382149 0.1306493286
0.683 0.1291432628 0.09619012878 0.1278918955
0.6835 0.1260536189 0.09360892295 0.1246206205
0.684 0.1224791899 0.09065433243 0.120838555
0.6845 0.1184231467 0.08733158753 0.1165500659
0.685 0.1138898893 0.08364701294 0.111760893
0.6855 0.1088851317 0.07960801732 0.106478209
0.686 0.1034159911 0.07522308029 0.1007106803
0.6865 0.09749108004 0.07050173669 0.09446852683
0.687 0.09112059824 0.06545455816 0.08776357861
0.6875 0.08431642145 0.06009313209 0.08060932712
0.688 0.07709218397 0.05443003808 0.07302096897
0.6885 0.06946335131 0.04847882173 0.06501543981
0.689 0.06144727934 0.04225396609 0.0566114363
0.6895 0.05306325619 0.03577086065 0.04782942412
0.69 0.04433252343 0.02904576794 0.03869163019
0.6905 0.03527827295 0.02209578796 0.02922201766
0.691 0.02592561703 0.01493882036 0.01944624233
0.6915 0.01630152889 0.007593524564 0.009391589723
0.692 0.006434752672 7.92778061e-05 -0.0009131075829
0.6925 -0.003644317971 -0.00758386866 -0.0114375724
0.693 -0.01390379205 -0.01537523522 -0.02215020458
0.6935 -0.02431046249 -0.02327356127 -0.03301822085
0.694 -0.03483001369 -0.03125705418 -0.0440078114
0.6945 -0.04542725142 -0.03930343973 -0.05508431121
0.695 -0.05606635032 -0.04739001401 -0.06621238368
0.6955 -0.06671111304 -0.05549369647 -0.07735621391
0.696 -0.07732523507 -0.06359108415 -0.08847970838
0.6965 -0.08787256844 -0.071658507 -0.09954669782
0.697 -0.09831737786 -0.07967208393 -0.1105211396
0.6975 -0.108624583 -0.08760777976 -0.1213673161
0.698 -0.118759981 -0.09544146272 -0.1320500259
0.6985 -0.1286904449 -0.1031489624 -0.1425347633
0.699 -0.1383840929 -0.1107061283 -0.1527878842
0.6995 -0.1478104267 -0.118088888 -0.1627767549
0.7 -0.1569404365 -0.1252733064 -0.1724698801
0.7005 -0.1657466724 -0.1322356438 -0.1818370107
0.701 -0.1742032827 -0.1389524145 -0.190849227
0.7015 -0.1822860193 -0.145400445 -0.1994789975
0.702 -0.1899722147 -0.1515569315 -0.2077002131
0.7025 -0.1972407312 -0.1573994968 -0.2154881962
0.703 -0.2040718867 -0.1629062467 -0.2228196853
0.7035 -0.2104473602 -0.1680558256 -0.2296727971
0.704 -0.2163500811 -0.1728274703 -0.2360269663
0.7045 -0.2217641056 -0.177201064 -0.2418628675
0.705 -0.2266744835 -0.1811571876 -0.2471623197
0.7055 -0.2310671204 -0.1846771708 -0.2519081776
0.706 -0.2349286358 -0.1877431411 -0.2560842134
0.7065 -0.2382462226 -0.1903380711 -0.2596749916
0.707 -0.2410075095 -0.1924458243 -0.2626657407
0.7075 -0.2432004284 -0.1940511992 -0.2650422274
0.708 -0.2448130908 -0.1951399709 -0.2667906349
0.7085 -0.2458336727 -0.1956989311 -0.2678974508
0.709 -0.2462503133 -0.1957159258 -0.268349368
0.7095 -0.2460510268 -0.1951798908 -0.2681332028
0.71 -0.2452236308 -0.1940808847 -0.2672358331
0.7105 -0.2437556942 -0.1924101193 -0.2656441609
0.711 -0.241634505 -0.1901599883 -0.2633451011
0.7115 -0.2388470631 -0.1873240925 -0.2603256014
0.712 -0.2353800996 -0.1838972627 -0.2565726926
0.7125 -0.2312201265 -0.1798755799 -0.2520735748
0.713 -0.2263535196 -0.1752563931 -0.2468157374
0.7135 -0.2207666404 -0.1700383334 -0.2407871164
0.714 -0.214445999 -0.164221326 -0.2339762871
0.7145 -0.2073784631 -0.1578065993 -0.2263726936
0.715 -0.1995515177 -0.1507966904 -0.2179669109
0.7155 -0.1909535773 -0.1431954484 -0.2087509401
0.716 -0.1815743556 -0.1350080342 -0.1987185317
0.7165 -0.171405292 -0.1262409181 -0.1878655332
0.717 -0.1604400357 -0.116901873 -0.1761902554
0.7175 -0.1486749836 -0.1069999664 -0.1636938523
0.718 -0.1361098652 -0.0965455479 -0.1503807053
0.7185 -0.1227483651 -0.08555023469 -0.1362588063
0.719 -0.1085987656 -0.07402689382 -0.1213401272
0.7195 -0.09367459008 -0.06198962151 -0.1056409699
0.72 -0.07799522011 -0.0494537197 -0.08918228351
0.7205 -0.06158645507 -0.03643566977 -0.07198993968
0.721 -0.04448097808 -0.02295310348 -0.05409495592
0.7215 -0.02671869038 -0.009024771256 -0.03553365557
0.722 -0.008346875827 0.005329492261 -0.01634775581
0.7225 0.01057983977 0.02008880514 0.003415625469
0.723 0.02999976237 0.03523127762 0.02370405084
0.7235 0.04984465413 0.05073405405 0.04445993838
0.724 0.07004051183 0.06657335702 0.06562083402
0.7245 0.09050858615 0.08272453389 0.08711978247
0.725 0.1111666113 0.09916210535 0.1088857956
0.7255 0.1319301981 0.1158598161 0.1308444143
0.726 0.1527143295 0.1327906872 0.1529183569
0.7265 0.1734348903 0.1499270711 0.1750282457
0.727 0.1940101575 0.1672407067 0.1970933984
0.7275 0.2143621841 0.1847027781 0.2190326715
0.728 0.234418014 0.2022839731 0.2407653391
0.7285 0.2541106854 0.2199545439 0.2622119889
0.729 0.2733799907 0.2376843686 0.2832954181
0.7295 0.2921729811 0.2554430143 0.3039415088
0.73 0.3104442222 0.2731998005 0.3240800649
0.7305 0.3281558161 0.2909238637 0.3436455923
0.731 0.3452772209 0.3085842226 0.3625780055
0.7315 0.3617849017 0.3261498436 0.3808232463
0.732 0.3776618509 0.3435897068 0.3983338015
0.7325 0.3928970183 0.3608728725 0.4150691106
0.733 0.4074846824 0.3779685471 0.4309958568
0.7335 0.4214237975 0.3948461499 0.4460881375
0.734 0.4347173411 0.4114753785 0.4603275136
0.7345 0.4473716805 0.4278262748 0.4737029419
0.735 0.459395976 0.4438692902 0.4862105939
0.7355 0.4708016294 0.4595753498 0.4978535705
0.736 0.4816017834 0.4749159164 0.508641523
0.7365 0.491810876 0.4898630529 0.5185901905
0.737 0.5014442488 0.5043894842 0.5277208691
0.7375 0.5105178075 0.5184686575 0.5360598254
0.738 0.5190477317 0.5320748013 0.5436376677
0.7385 0.5270502302 0.5451829832 0.5504886909
0.739 0.5345413366 0.5577691654 0.5566502066
0.7395 0.5415367412 0.5698102593 0.5621618708
0.74 0.5480516547 0.5812841774 0.5670650219
0.7405 0.5541006988 0.5921698839 0.5714020372
0.741 0.5596978201 0.6024474428 0.5752157169
0.7415 0.5648562247 0.6120980634 0.5785487022
0.742 0.5695883274 0.6211041448 0.5814429326
0.7425 0.5739057164 0.629449316 0.5839391462
0.743 0.5778191274 0.6371184753 0.5860764253
0.7435 0.5813384275 0.6440978259 0.5878917877
0.744 0.5844726062 0.6503749094 0.5894198248
0.7445 0.5872297709 0.655938636 0.5906923846
0.745 0.5896171482 0.6607793125 0.5917382988
0.7455 0.5916410863 0.6648886667 0.5925831512
0.746 0.5933070616 0.6682598689 0.5932490858
0.7465 0.5946196852 0.6708875512 0.5937546521
0.747 0.5955827114 0.6727678221 0.5941146849
0.7475 0.5961990463 0.6738982797 0.594340217
0.748 0.5964707568 0.6742780205 0.5944384222
0.7485 0.5963990795 0.6739076454 0.5944125884
0.749 0.5959844303 0.6727892625 0.594262119
0.7495 0.595226413 0.6709264865 0.5939825622
0.75 0.5941238293 0.6683244354 0.5935656696
0.7505 0.5926746883 0.6649897229 0.5929994825
0.751 0.5908762175 0.6609304487 0.592268449
0.7515 0.5887248745 0.6561561846 0.5913535729
0.752 0.5862163605 0.6506779584 0.5902325952
0.7525 0.5833456371 0.6445082334 0.5888802114
0.753 0.5801069451 0.6376608858 0.5872683255
0.7535 0.5764938281 0.6301511788 0.5853663436
0.754 0.5724991622 0.6219957328 0.5831415069
0.7545 0.5681151906 0.6132124942 0.5805592669
0.755 0.5633335683 0.6038206994 0.5775837013
0.7555 0.5581454144 0.5938408374 0.5741779718
0.756 0.5525413782 0.5832946093 0.5703048195
0.7565 0.546511717 0.5722048843 0.5659270981
0.757 0.540046391 0.5605956538 0.5610083378
0.7575 0.5331351764 0.5484919835 0.5555133359
0.758 0.5257677985 0.5359199615 0.5494087666
0.7585 0.5179340893 0.5229066457 0.542663801
0.759 0.5096241708 0.5094800077 0.5352507286
0.7595 0.500828666 0.495668876 0.527145568
0.76 0.4915389421 0.4815028757 0.5183286557
0.7605 0.4817473843 0.4670123674 0.508785201
0.761 0.4714477039 0.4522283841 0.4985057926
0.7615 0.460635279 0.4371825665 0.4874868464
0.762 0.4493075267 0.4219070967 0.4757309808
0.7625 0.4374643035 0.4064346311 0.4632473091
0.763 0.4251083289 0.3907982311 0.4500516394
0.7635 0.4122456233 0.3750312942 0.4361665744
0.764 0.3988859516 0.3591674832 0.4216215056
0.7645 0.3850432572 0.3432406546 0.4064524985
0.765 0.3707360712 0.3272847877 0.3907020694
0.7655 0.3559878784 0.3113339113 0.3744188565
0.766 0.3408274185 0.2954220322 0.3576571894
0.7665 0.3252889027 0.2795830621 0.3404765685
0.767 0.309412122 0.2638507452 0.3229410611
0.7675 0.2932424307 0.2482585861 0.3051186312
0.768 0.2768305866 0.2328397777 0.2870804154
0.7685 0.2602324403 0.2176271298 0.2688999619
0.769 0.2435084687 0.2026529984 0.2506524494
0.7695 0.2267231587 0.187949216 0.2324139039
0.77 0.209944256 0.1735470227 0.214260428
0.7705 0.1932419004 0.1594769981 0.1962674618
0.771 0.1766876803 0.1457689952 0.1785090859
0.7715 0.1603536411 0.1324520754 0.1610573833
0.772 0.1443112888 0.1195544446 0.143981867
0.7725 0.1286306278 0.1071033921 0.1273489842
0.773 0.1133792719 0.0951252302 0.1112217009
0.7735 0.09862165791 0.08364523651 0.09565917104
0.774 0.08441839033 0.07268759817 0.08071648997
0.7745 0.07082572959 0.06227535819 0.06644453122
0.775 0.05789523318 0.05243036434 0.05288986186
0.7755 0.04567354691 0.04317322038 0.04009473114
0.776 0.0342023371 0.03452323986 0.02809712462
0.7765 0.02351834847 0.02649840272 0.01693087542
0.777 0.01365356797 0.01911531452 0.006625822746
0.7775 0.00463547242 0.01238916866 -0.002791992429
0.778 -0.003512663011 0.006333711493 -0.01130010483
0.7785 -0.01077141791 0.0009612104858 -0.01887938607
0.779 -0.01712486231 -0.00371757449 -0.02551379955
0.7795 -0.0225601936 -0.007693416705 -0.03119015857
0.78 -0.02706739087 -0.01095864488 -0.03589789663
0.7805 -0.03063889996 -0.01350716221 -0.03962885756
0.781 -0.03326936004 -0.01533446203 -0.04237711256
0.7815 -0.03495537992 -0.01643764011 -0.04413880967
0.782 -0.03569537015 -0.01681540361 -0.04491206028
0.7825 -0.0354894348 -0.01646807645 -0.04469686586
0.783 -0.03433932524 -0.01539760142 -0.04349508672
0.7835 -0.0322484565 -0.01360753868 -0.04131045349
0.784 -0.02922198505 -0.0111030609 -0.03814862052
0.7845 -0.02526694561 -0.007890944862 -0.03401725906
0.785 -0.02039244269 -0.00397955971 -0.02892618703
0.7855 -0.01460989069 0.0006211483021 -0.02288753055
0.786 -0.007933294767 0.005899674402 -0.01591591174
0.7865 -0.0003795620583 0.01184297728 -0.008028655727
0.787 0.00803116918 0.01843650436 0.000753990908
0.7875 0.01727519735 0.02566422036 0.01040863881
0.788 0.02732493934 0.03350863907 0.02090854109
0.7885 0.03814864542 0.04195085823 0.0322233948
0.789 0.04971016743 0.05097059753 0.04431916864
0.7895 0.06196880113 0.06054623959 0.05715796694
0.79 0.07487922274 0.07065487385 0.07069793928
0.7905 0.08839153745 0.0812723433 0.08489324496
0.791 0.1024514544 0.09237329395 0.09969408008
0.7915 0.1170005972 0.1039312268 0.115046774
0.792 0.131976952 0.1159185527 0.1308939604
0.7925 0.1473154491 0.128306649 0.1471748255
0.793 0.1629486637 0.141065919 0.163825436
0.7935 0.1788076168 0.1541658534 0.1807791433
0.794 0.1948226462 0.1675750939 0.1979670628
0.7945 0.2109243175 0.1812614982 0.2153186206
0.795 0.2270443378 0.1951922077 0.2327621599
0.7955 0.2431164369 0.2093337156 0.2502255967
0.796 0.2590771824 0.2236519377 0.267637112
0.7965 0.2748666996 0.2381122837 0.2849258665
0.797 0.2904292733 0.2526797298 0.3020227231
0.7975 0.305713817 0.2673188928 0.3188609608
0.798 0.3206742017 0.2819941045 0.3353769635
0.7985 0.3352694447 0.296669487 0.3515108695
0.799 0.3494637657 0.3113090287 0.3672071647
0.7995 0.3632265228 0.3258766605 0.3824152085
0.8 0.3765320435 0.3403363322 0.3970896784
0.8005 0.3893593703 0.3546520893 0.4111909253
0.801 0.4016919395 0.3687881492 0.4246852321
0.8015 0.4135172124 0.3827089772 0.4375449712
0.802 0.424826276 0.3963793628 0.4497486588
0.8025 0.4356134289 0.4097644943 0.4612809076
0.803 0.4458757648 0.4228300336 0.4721322808
0.8035 0.4556127655 0.4355421892 0.4822990536
0.804 0.4648259102 0.4478677893 0.4917828889
0.8045 0.4735183072 0.4597743523 0.5005904381
0.805 0.4816943525 0.471230157 0.5087328752
0.8055 0.4893594164 0.4822043109 0.5162253778
0.806 0.4965195595 0.4926668165 0.5230865649
0.8065 0.5031812772 0.5025886365 0.5293379037
0.807 0.5093512725 0.5119417562 0.5350030971
0.8075 0.5150362533 0.5206992448 0.5401074612
0.808 0.5202427547 0.5288353133 0.544677305
0.8085 0.5249769819 0.5363253709 0.5487393175
0.809 0.5292446714 0.5431460789 0.552319973
0.8095 0.5330509701 0.5492754015 0.5554449591
0.81 0.5364003264 0.5546926545 0.5581386334
0.8105 0.5392963942 0.5593785505 0.560423512
0.811 0.5417419464 0.563315242 0.5623197945
0.8115 0.5437387952 0.5664863607 0.5638449258
0.812 0.5452877186 0.5688770545 0.565013198
0.8125 0.5463883914 0.5704740206 0.5658353929
0.813 0.5470393183 0.571265536 0.5663184654
0.8135 0.5472377685 0.5712414843 0.5664652695
0.814 0.5469797113 0.5703933789 0.5662743278
0.8145 0.5462597502 0.5687143838 0.5657396448
0.815 0.5450710565 0.5661993297 0.5648505671
0.8155 0.5434053012 0.5628447274 0.5635916911
0.816 0.5412525841 0.5586487774 0.5619428228
0.8165 0.5386013621 0.5536113759 0.5598789916
0.817 0.5354383751 0.5477341176 0.5573705227
0.8175 0.5317485711 0.5410202941 0.5543831738
0.818 0.5275150321 0.53347489 0.5508783389
0.8185 0.5227189016 0.5251045741 0.5468133268
0.819 0.5173393171 0.5159176879 0.5421417181
0.8195 0.5113533508 0.5059242302 0.5368138053
0.82 0.504735962 0.4951358388 0.5307771222
0.8205 0.4974599692 0.4835657675 0.5239770631
0.821 0.4894960469 0.471228861 0.5163575954
0.8215 0.4808127581 0.4581415261 0.5078620643
0.822 0.4713766334 0.4443216985 0.4984340865
0.8225 0.4611523108 0.4297888083 0.4880185289
0.823 0.4501027529 0.4145637408 0.4765625611
0.8235 0.438189562 0.3986687947 0.4640167712
0.824 0.4253734155 0.3821276374 0.4503363286
0.8245 0.4116146464 0.3649652575 0.4354821732
0.825 0.3968739975 0.3472079144 0.4194222083
0.8255 0.3811135759 0.3288830847 0.4021324716
0.826 0.3642980335 0.3100194071 0.3835982529
0.8265 0.3463959942 0.2906466238 0.3638151294
0.827 0.3273817359 0.2707955201 0.3427898842
0.8275 0.3072371223 0.2504978617 0.320541278
0.828 0.2859537518 0.2297863301 0.29710064
0.8285 0.2635352626 0.2086944555 0.2725122525
0.829 0.239999692 0.1872565485 0.2468335017
0.8295 0.2153817489 0.1655076298 0.2201347775
0.83 0.1897348118 0.1434833587 0.1924991089
0.8305 0.1631324382 0.1212199596 0.1640215281
0.831 0.1356691523 0.09875414852 0.1348081684
0.8315 0.1074602925 0.07612305695 0.1049751057
0.832 0.07864075357 0.05336415629 0.07464696294
0.8325 0.04936253992 0.03051518069 0.04395530827
0.833 0.01979117026 0.007614049683 0.01303687959
0.8335 -0.009898895703 -0.01530120968 -0.01796832032
0.834 -0.03952951 -0.03819254091 -0.04891901209
0.8345 -0.06892437695 -0.06102193618 -0.07967466111
0.835 -0.09791444858 -0.08375151439 -0.1100974805
0.8355 -0.1263427631 -0.1063435989 -0.1400543653
0.836 -0.154068392 -0.1287607949 -0.1694187092
0.8365 -0.18096928 -0.150966066 -0.1980720607
0.837 -0.2069438963 -0.1729228106 -0.2259055809
0.8375 -0.2319117398 -0.1945949363 -0.2528212717
0.838 -0.2558128423 -0.2159469345 -0.2787329533
0.8385 -0.2786064744 -0.2369439527 -0.3035669751
0.839 -0.3002692848 -0.257551866 -0.3272626569
0.8395 -0.3207930966 -0.2777373472 -0.3497724625
0.84 -0.3401825595 -0.2974679342 -0.3710619155
0.8405 -0.358452813 -0.316712097 -0.3911092774
0.841 -0.375627277 -0.3354393016 -0.4099050087
0.8415 -0.3917356423 -0.3536200724 -0.4274510426
0.842 -0.4068121042 -0.3712260518 -0.4437599003
0.8425 -0.4208938503 -0.3882300584 -0.4588536811
0.843 -0.4340197998 -0.4046061416 -0.47276296
0.8435 -0.4462295762 -0.4203296341 -0.4855256237
0.844 -0.4575626894 -0.435377202 -0.497185676
0.8445 -0.4680579005 -0.4497268915 -0.5077920395
0.845 -0.4777527407 -0.463358173 -0.5173973781
0.8455 -0.486683159 -0.4762519823 -0.5260569617
0.846 -0.4948832746 -0.4883907581 -0.5338275889
0.8465 -0.5023852135 -0.4997584773 -0.5407665828
0.847 -0.5092190107 -0.5103406858 -0.5469308682
0.8475 -0.5154125635 -0.5201245277 -0.5523761376
0.848 -0.5209916242 -0.5290987689 -0.55715611
0.8485 -0.5259798204 -0.5372538196 -0.5613218815
0.849 -0.530398697 -0.5445817515 -0.5649213697
0.8495 -0.534267772 -0.5510763124 -0.5679988461
0.85 -0.5376046016 -0.5567329373 -0.570594554
0.8505 -0.5404248517 -0.5615487554 -0.5727444077
0.851 -0.5427423712 -0.5655225941 -0.5744797661
0.8515 -0.5445692675 -0.568654979 -0.5758272769
0.852 -0.5459159801 -0.5709481309 -0.5768087852
0.8525 -0.546791354 -0.5724059582 -0.5774413023
0.853 -0.5472027103 -0.573034047 -0.5777370301
0.8535 -0.5471559152 -0.5728396467 -0.5777034374
0.854 -0.5466554476 -0.5718316527 -0.5773433858
0.8545 -0.5457044643 -0.5700205854 -0.576655301
0.855 -0.5443048652 -0.5674185658 -0.5756333899
0.8555 -0.5424573582 -0.5640392877 -0.5742679007
0.856 -0.5401615256 -0.5598979867 -0.5725454254
0.8565 -0.5374158919 -0.5550114064 -0.5704492439
0.857 -0.5342179959 -0.5493977603 -0.5679597093
0.8575 -0.5305644683 -0.543076692 -0.5650546723
0.858 -0.5264511152 -0.5360692313 -0.5617099453
0.8585 -0.5218730112 -0.5283977483 -0.5578998015
0.859 -0.5168246036 -0.520085904 -0.5535975094
0.8595 -0.5112998287 -0.511158599 -0.5487758961
0.86 -0.5052922452 -0.5016419187 -0.5434079368
0.8605 -0.4987951839 -0.4915630765 -0.5374673637
0.861 -0.4918019189 -0.4809503554 -0.5309292869
0.8615 -0.4843058618 -0.4698330461 -0.5237708197
0.862 -0.47630078 -0.4582413837 -0.515971699
0.8625 -0.467781043 -0.4462064829 -0.507514889
0.863 -0.4587418966 -0.4337602704 -0.4983871598
0.8635 -0.4491797667 -0.4209354166 -0.4885796261
0.864 -0.4390925914 -0.4077652652 -0.4780882373
0.8645 -0.4284801808 -0.394283762 -0.4669142057
0.865 -0.4173446005 -0.3805253816 -0.4550643619
0.8655 -0.4056905741 -0.3665250543 -0.4425514296
0.866 -0.393525898 -0.3523180912 -0.4293942086
0.8665 -0.3808618568 -0.3379401089 -0.4156176621
0.867 -0.3677136296 -0.3234269534 -0.4012529022
0.8675 -0.3541006709 -0.3088146244 -0.3863370727
0.868 -0.3400470496 -0.2941391982 -0.3709131295
0.8685 -0.3255817278 -0.2794367514 -0.3550295218
0.869 -0.3107387604 -0.2647432845 -0.338739781
0.8695 -0.2955573958 -0.2500946456 -0.3221020245
0.87 -0.2800820619 -0.2355264547 -0.305178387
0.8705 -0.2643622222 -0.2210740283 -0.2880343903
0.871 -0.2484520943 -0.2067723053 -0.2707382674
0.8715 -0.2324102269 -0.192655773 -0.2533602561
0.872 -0.2162989412 -0.1787583952 -0.235971877
0.8725 -0.2001836477 -0.1651135404 -0.2186452136
0.873 -0.1841320605 -0.1517539121 -0.2014522086
0.8735 -0.1682133341 -0.1387114804 -0.1844639924
0.874 -0.1524971568 -0.1260174153 -0.1677502546
0.8745 -0.1370528348 -0.1137020217 -0.1513786728
0.875 -0.1219484042 -0.1017946763 -0.1354144049
0.8755 -0.1072498029 -0.09032376686 -0.1199196538
0.876 -0.09302013419 -0.07931663318 -0.1049533085
0.8765 -0.0793190436 -0.06879951088 -0.09057066319
0.877 -0.06620222513 -0.05879747726 -0.07682321433
0.8775 -0.05372106492 -0.04933439987 -0.06375853377
0.878 -0.04192242183 -0.04043288771 -0.05142021286
0.8785 -0.03084853808 -0.03211424512 -0.03984787187
0.879 -0.02053706725 -0.02439842862 -0.02907722697
0.8795 -0.0110212027 -0.0173040066 -0.01914020645
0.88 -0.00232988694 -0.01084812206 -0.01006510653
0.8805 0.005511918719 -0.005046458442 -0.001876777243
0.881 0.01248292483 8.679134498e-05 0.00540317184
0.8815 0.01856518427 0.004538952739 0.01175615564
0.882 0.02374376031 0.008298894002 0.01716639697
0.8825 0.02800640789 0.01135704739 0.02162071817
0.883 0.03134328141 0.01370542698 0.02510834896
0.8835 0.03374668005 0.01533764302 0.02762075788
0.884 0.03521083927 0.01624891294 0.02915151328
0.8845 0.03573177517 0.01643606887 0.02969617896
0.885 0.03530718674 0.01589756169 0.02925224817
0.8855 0.03393641873 0.01463346166 0.02781911853
0.886 0.03162048712 0.01264545556 0.02539810898
0.8865 0.02836216674 0.009936840368 0.02199251875
0.887 0.02416613967 0.006512513568 0.01760772677
0.8875 0.01903920089 0.002378960015 0.01225132882
0.888 0.01299051592 -0.002455764571 0.005933308301
0.8885 0.006031922995 -0.007982053415 -0.00133376457
0.889 -0.001821730156 -0.01418877179 -0.009534511776
0.8895 -0.01055222738 -0.02106328335 -0.01865051215
0.89 -0.02013761824 -0.02859147961 -0.02866006021
0.8905 -0.0305518631 -0.03675781255 -0.0395379285
0.891 -0.04176450938 -0.04554533017 -0.0512551433
0.8915 -0.05374042108 -0.0549357151 -0.06377878403
0.892 -0.06643958452 -0.06490932596 -0.07707181672
0.8925 -0.07981701276 -0.0754452415 -0.09109297187
0.893 -0.09382276957 -0.08652130742 -0.1057966764
0.8935 -0.1084021298 -0.09811418575 -0.1211330485
0.894 -0.1234958876 -0.1101994066 -0.1370479638
0.8945 -0.1390408177 -0.1227514225 -0.1534831982
0.895 -0.1549702839 -0.1357436643 -0.1703766527
0.8955 -0.1712149843 -0.1491486 -0.1876626625
0.896 -0.1877038095 -0.1629377951 -0.2052723898
0.8965 -0.204364784 -0.1770819744 -0.2231342995
0.897 -0.2211260559 -0.1915510865 -0.2411747115
0.8975 -0.2379168944 -0.2063143686 -0.2593184221
0.898 -0.254668655 -0.2213404137 -0.2774893868
0.8985 -0.2713156748 -0.2365972385 -0.2956114496
0.899 -0.2877960648 -0.2520523526 -0.3136091066
0.8995 -0.3040523729 -0.2676728287 -0.3314082885
0.9 -0.3200321013 -0.2834253735 -0.3489371442
0.9005 -0.3356880697 -0.299276399 -0.3661268094
0.901 -0.3509786239 -0.3151920952 -0.3829121434
0.9015 -0.3658676991 -0.3311385015 -0.3992324168
0.902 -0.3803247508 -0.3470815804 -0.4150319347
0.9025 -0.3943245724 -0.3629872891 -0.4302605829
0.903 -0.4078470193 -0.3788216526 -0.4448742845
0.9035 -0.4208766628 -0.3945508355 -0.4588353577
0.904 -0.4334023926 -0.4101412139 -0.4721127691
0.9045 -0.445416989 -0.4255594463 -0.484682278
0.905 -0.4569166815 -0.4407725442 -0.4965264727
0.9055 -0.4679007072 -0.4557479415 -0.5076346983
0.906 -0.4783708816 -0.4704535626 -0.518002883
0.9065 -0.4883311898 -0.4848578901 -0.5276332697
0.907 -0.4977874045 -0.4989300301 -0.5365340606
0.9075 -0.506746734 -0.512639777 -0.5447189871
0.908 -0.5152175042 -0.5259576762 -0.5522068158
0.9085 -0.5232088723 -0.5388550849 -0.559020804
0.909 -0.5307305745 -0.5513042314 -0.5651881162
0.9095 -0.5377927037 -0.5632782721 -0.5707392161
0.91 -0.5444055178 -0.5747513468 -0.5757072444
0.9105 -0.5505792735 -0.5856986311 -0.5801273944
0.911 -0.5563240854 -0.5960963872 -0.5840362966
0.9115 -0.5616498066 -0.6059220116 -0.5874714188
0.912 -0.566565928 -0.6151540808 -0.5904704923
0.9125 -0.571081495 -0.6237723937 -0.5930709674
0.913 -0.5752050375 -0.6317580122 -0.5953095048
0.9135 -0.5789445139 -0.6390932981 -0.5972215057
0.914 -0.5823072633 -0.6457619477 -0.5988406823
0.9145 -0.585299968 -0.651749023 -0.6001986697
0.915 -0.5879286226 -0.6570409805 -0.60132468
0.9155 -0.5901985081 -0.661625696 -0.6022451967
0.916 -0.5921141717 -0.6654924876 -0.6029837089
0.9165 -0.5936794096 -0.6686321342 -0.6035604825
0.917 -0.5948972523 -0.6710368915 -0.6039923688
0.9175 -0.5957699526 -0.6727005052 -0.6042926447
0.918 -0.5962989741 -0.6736182197 -0.604470887
0.9185 -0.5964849812 -0.6737867849 -0.6045328757
0.919 -0.59632783 -0.6732044589 -0.6044805268
0.9195 -0.5958265584 -0.6718710078 -0.6043118536
0.92 -0.5949793772 -0.6697877023 -0.6040209555
0.9205 -0.5937836611 -0.6669573104 -0.6035980352
0.921 -0.5922359396 -0.6633840883 -0.6030294454
0.9215 -0.590331888 -0.6590737666 -0.602297764
0.922 -0.5880663193 -0.6540335342 -0.6013819034
0.9225 -0.5854331765 -0.6482720191 -0.6002572514
0.923 -0.5824255265 -0.6417992657 -0.5988958499
0.9235 -0.5790355555 -0.6346267098 -0.5972666111
0.924 -0.5752545679 -0.6267671499 -0.5953355756
0.9245 -0.5710729885 -0.6182347164 -0.5930662128
0.925 -0.5664803696 -0.6090448371 -0.5904197667
0.9255 -0.5614654049 -0.5992142013 -0.587355648
0.926 -0.5560159516 -0.58876072 -0.5838318718
0.9265 -0.5501190627 -0.5777034842 -0.5798055427
0.927 -0.5437610319 -0.5660627209 -0.5752333827
0.9275 -0.5369274539 -0.5538597465 -0.5700723006
0.928 -0.5296033036 -0.5411169182 -0.5642799985
0.9285 -0.5217730369 -0.5278575829 -0.5578156073
0.929 -0.5134207174 -0.5141060249 -0.550640346
0.9295 -0.5045301741 -0.4998874107 -0.5427181938
0.93 -0.4950851923 -0.4852277332 -0.5340165647
0.9305 -0.4850697453 -0.4701537535 -0.5245069734
0.931 -0.4744682681 -0.4546929412 -0.5141656777
0.9315 -0.4632659808 -0.4388734143 -0.502974286
0.932 -0.4514492619 -0.4227238765 -0.490920314
0.9325 -0.4390060765 -0.4062735547 -0.4779976768
0.933 -0.4259264583 -0.3895521351 -0.4642071037
0.9335 -0.4122030446 -0.372589698 -0.4495564634
0.934 -0.3978316593 -0.3554166531 -0.4340609867
0.9345 -0.3828119351 -0.3380636732 -0.4177433811
0.935 -0.3671479618 -0.3205616283 -0.4006338272
0.9355 -0.3508489418 -0.3029415194 -0.3827698562
0.936 -0.3339298299 -0.2852344119 -0.3641961052
0.9365 -0.3164119267 -0.2674713693 -0.3449639545
0.937 -0.2983233926 -0.2496833878 -0.3251310511
0.9375 -0.2796996441 -0.2319013296 -0.304760728
0.938 -0.2605835955 -0.2141558592 -0.2839213293
0.9385 -0.2410257068 -0.1964773777 -0.2626854565
0.939 -0.2210838099 -0.1788959605 -0.2411291515
0.9395 -0.200822687 -0.1614412936 -0.2193310328
0.94 -0.1803133958 -0.1441426131 -0.1973714059
0.9405 -0.1596323453 -0.1270286441 -0.1753313643
0.941 -0.1388601462 -0.1101275427 -0.1532919016
0.9415 -0.118080278 -0.09346683779 -0.1313330524
0.942 -0.09737762663 -0.07707337594 -0.1095330787
0.9425 -0.07683695992 -0.060973267 -0.08796771629
0.943 -0.05654141267 -0.04519183201 -0.06670949441
0.9435 -0.03657105215 -0.02975355305 -0.04582713904
0.944 -0.01700158805 -0.01468202499 -0.02538506702
0.9445 0.002096721173 9.041994643e-08 -0.005442976295
0.945 0.02065992932 0.01427110833 0.01394446564
0.9455 0.03863101193 0.02811036214 0.03272783538
0.946 0.05596022232 0.04149824242 0.05086307206
0.9465 0.07260520718 0.05441623334 0.06831150549
0.947 0.08853090688 0.0668469465 0.08503980061
0.9475 0.1037092736 0.07877415207 0.1010198264
0.948 0.1181188447 0.09018280726 0.1162284582
0.9485 0.1317442106 0.101059082 0.1306473242
0.949 0.1445754126 0.1113903817 0.1442625055
0.9495 0.1566073057 0.1211653674 0.1570642003
0.95 0.1678389123 0.1303739726 0.1690463643
0.9505 0.178272792 0.1390074177 0.1802063337
0.951 0.1879144417 0.147058221 0.1905444444
0.9515 0.1967717422 0.1545202069 0.2000636515
0.952 0.2048544547 0.1613885114 0.2087691605
0.9525 0.2121737755 0.1676595838 0.216668074
0.953 0.2187419472 0.1733311869 0.223769061
0.9535 0.2245719278 0.1784023925 0.2300820532
0.954 0.2296771136 0.182873575 0.2356179717
0.9545 0.234071114 0.1867464024 0.2403884867
0.955 0.2377675732 0.1900238231 0.2444058124
0.9555 0.2407800358 0.1927100509 0.2476825373
0.956 0.2431218508 0.1948105475 0.2502314913
0.9565 0.2448061116 0.1963320005 0.2520656474
0.957 0.2458456264 0.1972823012 0.2531980587
0.9575 0.2462529178 0.1976705172 0.2536418269
0.958 0.2460402461 0.1975068646 0.2534101028
0.9585 0.2452196555 0.1968026762 0.2525161129
0.959 0.2438030397 0.1955703681 0.2509732121
0.9595 0.2418022241 0.1938234039 0.2487949574
0.96 0.2392290637 0.1915762559 0.2459951996
0.9605 0.2360955532 0.1888443653 0.2425881897
0.961 0.2324139486 0.1856440997 0.2385886947
0.9615 0.2281968967 0.1819927085 0.2340121212
0.962 0.2234575712 0.1779082771 0.2288746403
0.9625 0.218209813 0.1734096788 0.2231933116
0.963 0.2124682712 0.1685165252 0.2169862019
0.9635 0.2062485435 0.1632491155 0.2102724947
0.964 0.1995673105 0.157628384 0.2030725879
0.9645 0.1924424634 0.1516758467 0.1954081753
0.965 0.1848932192 0.1454135465 0.18730231
0.9655 0.1769402213 0.1388639974 0.1787794481
0.966 0.1686056202 0.1320501283 0.1698654685
0.9665 0.159913133 0.1249952259 0.1605876698
0.967 0.1508880763 0.1177228764 0.1509747424
0.9675 0.1415573698 0.1102569079 0.1410567153
0.968 0.1319495095 0.1026213313 0.1308648789
0.9685 0.1220945076 0.09484028236 0.1204316838
0.969 0.1120237985 0.08693796222 0.109790617
0.9695 0.1017701114 0.07893857938 0.09897605888
0.97 0.0913673112 0.07086629112 0.08802312123
0.9705 0.08085020942 0.06274514561 0.0769674711
0.971 0.07025434905 0.05459902448 0.0658451425
0.9715 0.0596157684 0.04645158603 0.05469233967
0.972 0.04897074888 0.03832620923 0.04354523554
0.9725 0.03835555304 0.03024593867 0.03243976882
0.973 0.02780615947 0.02223343048 0.02141144339
0.9735 0.01735800096 0.01431089951 0.01049513329
0.974 0.007045712501 0.006500067674 -0.0002751035192
0.9745 -0.003097105052 -0.001177886159 -0.01086619957
0.975 -0.01303810051 -0.008702374877 -0.02124623823
0.9755 -0.02274636272 -0.01605345014 -0.03138459767
0.976 -0.03219258269 -0.02321184767 -0.04125207692
0.9765 -0.04134918531 -0.03015903072 -0.0508210029
0.977 -0.05019042991 -0.03687723156 -0.06006531767
0.9775 -0.05869247973 -0.043349491 -0.06896064585
0.978 -0.06683344147 -0.0495596957 -0.0774843424
0.9785 -0.07459337707 -0.05549261339 -0.08561552159
0.979 -0.08195429028 -0.06113392567 -0.09333506822
0.9795 -0.08890009127 -0.0664702586 -0.1006256326
0.98 -0.09541654282 -0.07148921075 -0.1074716108
0.9805 -0.1014911917 -0.07617937883 -0.1138591129
0.981 -0.1071132893 -0.08053038073 -0.1197759202
0.9815 -0.112273704 -0.08453287606 -0.1252114344
0.982 -0.1169648304 -0.08817858395 -0.1301566212
0.9825 -0.121180497 -0.09146029826 -0.1346039495
0.983 -0.1249158754 -0.09437190003 -0.1385473297
0.9835 -0.128167394 -0.09690836727 -0.141982052
0.984 -0.1309326578 -0.09906578193 -0.144904727
0.9845 -0.1332103754 -0.1008413342 -0.1473132303
0.985 -0.1350002958 -0.102233324 -0.149206652
0.9855 -0.1363031547 -0.1032411597 -0.1505852535
0.986 -0.1371206311 -0.1038653541 -0.1514504302
0.9865 -0.1374553155 -0.1041075178 -0.151804683
0.987 -0.1373106886 -0.1039703495 -0.1516515972
0.9875 -0.1366911105 -0.1034576242 -0.1509958298
0.988 -0.1356018206 -0.1025741781 -0.1498431042
0.9885 -0.1340489468 -0.1013258913 -0.1482002117
0.989 -0.1320395234 -0.09971966782 -0.1460750201
0.9895 -0.1295815166 -0.09776341317 -0.1434764866
0.99 -0.1266838562 -0.09546600929 -0.140414675
0.9905 -0.1233564723 -0.09283728726 -0.1369007754
0.991 -0.1196103347 -0.08988799761 -0.1329471253
0.9915 -0.1154574946 -0.08662977843 -0.1285672294
0.992 -0.1109111241 -0.08307512123 -0.1237757777
0.9925 -0.105985555 -0.0792373348 -0.1185886595
0.993 -0.1006963116 -0.07513050701 -0.1130229722
0.9935 -0.09506013658 -0.07076946474 -0.1070970224
0.994 -0.08909500927 -0.06616973203 -0.1008303197
0.9945 -0.08282015147 -0.06134748646 -0.0942435597
0.995 -0.07625602151 -0.05631951399 -0.08735859732
0.9955 -0.06942429367 -0.05110316234 -0.0801984083
0.996 -0.06234782201 -0.04571629292 -0.0727870389
0.9965 -0.05505058776 -0.04017723161 -0.06514954354
0.997 -0.04755762969 -0.03450471834 -0.05731191034
0.9975 -0.03989495756 -0.02871785566 -0.04930097508
0.998 -0.03208944918 -0.02283605652 -0.04114432412
0.9985 -0.02416873211 -0.01687899114 -0.03287018735
0.999 -0.01616105169 -0.01086653343 -0.02450732221
0.9995 -0.008095127387 -0.004818706773 -0.01608489049
1 -3.345577165e-15 0.001244370457 -0.007632329269
